('twas, [1])
(a, [1, 1, 1, 1, 1, 1, 1, 1, 1, 1, 1, 1, 1, 1, 1, 1, 1, 1, 1, 1, 1, 1, 1, 1, 1, 1, 1, 1, 1, 1, 1, 1, 1, 1, 1, 1, 1, 1, 1, 1, 1, 1, 1, 1, 1, 1, 1, 1, 1, 1, 1, 1, 1, 1, 1, 1, 1, 1, 1, 1, 1, 1, 1, 1, 1, 1, 1, 1, 1, 1, 1, 1, 1, 1, 1, 1, 1, 1, 1, 1, 1, 1, 1, 1, 1, 1, 1, 1, 1, 1, 1, 1, 1, 1, 1, 1, 1, 1, 1, 1, 1, 1, 1, 1, 1, 1, 1, 1, 1, 1, 1, 1, 1, 1, 1, 1, 1, 1, 1, 1, 1, 1, 1, 1, 1, 1, 1, 1, 1, 1, 1, 1, 1, 1, 1, 1, 1, 1, 1, 1, 1, 1, 1, 1, 1, 1, 1, 1, 1, 1, 1, 1, 1, 1, 1, 1, 1, 1, 1, 1, 1, 1, 1, 1, 1, 1, 1, 1, 1, 1, 1, 1, 1, 1, 1, 1, 1, 1, 1, 1, 1, 1, 1, 1, 1, 1, 1, 1, 1, 1, 1, 1, 1, 1, 1, 1, 1, 1, 1, 1, 1, 1, 1, 1, 1, 1, 1, 1, 1, 1, 1, 1, 1, 1, 1, 1, 1, 1, 1, 1, 1, 1, 1, 1, 1, 1, 1, 1, 1, 1, 1, 1, 1, 1, 1, 1, 1, 1, 1, 1, 1, 1, 1, 1, 1, 1, 1, 1, 1, 1, 1, 1, 1, 1, 1, 1, 1, 1, 1, 1, 1, 1, 1, 1, 1, 1, 1, 1, 1, 1, 1, 1, 1, 1, 1, 1, 1, 1, 1, 1, 1, 1, 1, 1, 1, 1, 1, 1, 1, 1, 1, 1, 1, 1, 1, 1, 1, 1, 1, 1, 1, 1, 1, 1, 1, 1, 1, 1, 1, 1, 1, 1, 1, 1, 1, 1, 1, 1, 1])
(abbey, [1])
(abbeywall, [1])
(abhors, [1])
(able, [1])
(aboard, [1, 1])
(abode;, [1])
(about, [1, 1, 1, 1, 1, 1, 1])
(above, [1, 1, 1, 1])
(abridge, [1])
(abroad, [1])
(absence, [1])
(access, [1, 1, 1])
(accomplish'd, [1])
(according, [1, 1, 1, 1])
(accords, [1])
(account, [1])
(accurst, [1])
(achieved, [1])
(acquainted, [1])
(act, [1, 1, 1, 1, 1])
(acted, [1])
(action, [1])
(adieu, [1, 1, 1])
(admired, [1])
(ado, [1])
(adore, [1, 1])
(adored, [1])
(advantage, [1, 1])
(adventure, [1])
(adversity;, [1])
(advice, [1, 1, 1, 1, 1])
(advise, [1])
(advised, [1])
(affairs, [1, 1])
(affairs;, [1])
(affect;, [1])
(affected, [1, 1])
(affection, [1, 1])
(after, [1, 1, 1, 1, 1, 1, 1, 1, 1, 1, 1, 1])
(afterlove, [1])
(afterward, [1])
(again, [1, 1, 1, 1, 1, 1, 1, 1, 1, 1, 1])
(again;, [1])
(against, [1, 1, 1, 1, 1, 1, 1, 1])
(age, [1, 1, 1, 1])
(aged, [1])
(agent, [1])
(agone, [1])
(agood, [1])
(ah, [1])
(aid, [1])
(aim, [1, 1])
(aimed, [1])
(aiming, [1])
(air, [1, 1, 1])
(alas, [1, 1, 1, 1, 1, 1, 1])
(alas', [1, 1])
(ale, [1])
(ale', [1, 1])
(alehouse, [1])
(alehouse;, [1])
(alive, [1, 1])
(alive;, [1])
(all, [1, 1, 1, 1, 1, 1, 1, 1, 1, 1, 1, 1, 1, 1, 1, 1, 1, 1, 1, 1, 1, 1, 1, 1, 1, 1, 1, 1, 1, 1, 1, 1, 1, 1, 1, 1, 1, 1, 1, 1, 1, 1, 1, 1, 1, 1, 1, 1, 1, 1, 1, 1, 1, 1, 1, 1, 1, 1, 1, 1, 1, 1, 1, 1])
(allied, [1])
(allycholly, [1])
(almost, [1, 1])
(aloft, [1])
(alone, [1, 1, 1, 1, 1, 1, 1, 1])
(along, [1, 1, 1, 1, 1, 1, 1])
(alphonso, [1])
(already, [1, 1, 1, 1, 1])
(also, [1])
(altar, [1])
(alter'd, [1])
(although, [1])
(always, [1, 1, 1, 1])
(am, [1, 1, 1, 1, 1, 1, 1, 1, 1, 1, 1, 1, 1, 1, 1, 1, 1, 1, 1, 1, 1, 1, 1, 1, 1, 1, 1, 1, 1, 1, 1, 1, 1, 1, 1, 1, 1, 1, 1, 1, 1, 1, 1, 1, 1, 1])
(amen, [1, 1])
(amends, [1, 1, 1])
(among, [1, 1])
(an, [1, 1, 1, 1, 1, 1, 1, 1, 1, 1, 1, 1, 1, 1, 1, 1, 1, 1, 1, 1, 1, 1, 1, 1, 1, 1, 1, 1, 1, 1, 1, 1, 1, 1, 1])
(ancestry, [1])
(anchoring, [1])
(and, [1, 1, 1, 1, 1, 1, 1, 1, 1, 1, 1, 1, 1, 1, 1, 1, 1, 1, 1, 1, 1, 1, 1, 1, 1, 1, 1, 1, 1, 1, 1, 1, 1, 1, 1, 1, 1, 1, 1, 1, 1, 1, 1, 1, 1, 1, 1, 1, 1, 1, 1, 1, 1, 1, 1, 1, 1, 1, 1, 1, 1, 1, 1, 1, 1, 1, 1, 1, 1, 1, 1, 1, 1, 1, 1, 1, 1, 1, 1, 1, 1, 1, 1, 1, 1, 1, 1, 1, 1, 1, 1, 1, 1, 1, 1, 1, 1, 1, 1, 1, 1, 1, 1, 1, 1, 1, 1, 1, 1, 1, 1, 1, 1, 1, 1, 1, 1, 1, 1, 1, 1, 1, 1, 1, 1, 1, 1, 1, 1, 1, 1, 1, 1, 1, 1, 1, 1, 1, 1, 1, 1, 1, 1, 1, 1, 1, 1, 1, 1, 1, 1, 1, 1, 1, 1, 1, 1, 1, 1, 1, 1, 1, 1, 1, 1, 1, 1, 1, 1, 1, 1, 1, 1, 1, 1, 1, 1, 1, 1, 1, 1, 1, 1, 1, 1, 1, 1, 1, 1, 1, 1, 1, 1, 1, 1, 1, 1, 1, 1, 1, 1, 1, 1, 1, 1, 1, 1, 1, 1, 1, 1, 1, 1, 1, 1, 1, 1, 1, 1, 1, 1, 1, 1, 1, 1, 1, 1, 1, 1, 1, 1, 1, 1, 1, 1, 1, 1, 1, 1, 1, 1, 1, 1, 1, 1, 1, 1, 1, 1, 1, 1, 1, 1, 1, 1, 1, 1, 1, 1, 1, 1, 1, 1, 1, 1, 1, 1, 1, 1, 1, 1, 1, 1, 1, 1, 1, 1, 1, 1, 1, 1, 1, 1, 1, 1, 1, 1, 1, 1, 1, 1, 1, 1, 1, 1, 1, 1, 1, 1, 1, 1, 1, 1, 1, 1, 1, 1, 1, 1, 1, 1, 1, 1, 1, 1, 1, 1, 1, 1, 1, 1, 1, 1, 1, 1, 1, 1, 1, 1, 1, 1, 1, 1, 1, 1, 1, 1, 1, 1, 1, 1, 1, 1, 1, 1, 1, 1, 1, 1, 1, 1, 1, 1, 1, 1, 1, 1, 1, 1, 1, 1, 1, 1, 1, 1, 1, 1, 1, 1, 1, 1, 1, 1, 1, 1, 1, 1, 1, 1, 1, 1, 1, 1, 1, 1, 1, 1, 1, 1, 1, 1, 1, 1, 1, 1, 1, 1, 1, 1, 1, 1, 1, 1, 1, 1, 1, 1, 1, 1, 1, 1, 1, 1, 1, 1, 1, 1, 1, 1, 1, 1, 1, 1, 1, 1, 1])
(angellike, [1])
(angels', [1])
(anger, [1, 1])
(anger'd, [1, 1])
(angerly, [1])
(angry, [1, 1])
(another, [1, 1, 1, 1, 1, 1, 1, 1, 1, 1, 1, 1, 1])
(another;, [1])
(answer, [1, 1, 1])
(answers, [1])
(anthem, [1])
(antonio, [1, 1, 1, 1, 1, 1, 1, 1, 1, 1, 1, 1, 1, 1, 1])
(any, [1, 1, 1, 1, 1, 1, 1, 1, 1])
(any;, [1])
(apparent, [1])
(appear, [1])
(appears, [1])
(appeased, [1])
(applaud, [1, 1])
(approach, [1])
(approacheth, [1])
(approved, [1])
(april, [1])
(are, [1, 1, 1, 1, 1, 1, 1, 1, 1, 1, 1, 1, 1, 1, 1, 1, 1, 1, 1, 1, 1, 1, 1, 1, 1, 1, 1, 1, 1, 1, 1, 1, 1, 1, 1, 1, 1, 1, 1, 1, 1, 1, 1, 1, 1, 1, 1, 1, 1, 1, 1, 1, 1, 1, 1, 1, 1, 1, 1, 1, 1, 1, 1, 1, 1, 1, 1, 1, 1, 1, 1, 1])
(ariadne, [1])
(arms, [1])
(arms', [1])
(art, [1, 1, 1, 1, 1, 1, 1, 1, 1, 1, 1, 1, 1, 1, 1, 1, 1, 1, 1])
(article, [1])
(as, [1, 1, 1, 1, 1, 1, 1, 1, 1, 1, 1, 1, 1, 1, 1, 1, 1, 1, 1, 1, 1, 1, 1, 1, 1, 1, 1, 1, 1, 1, 1, 1, 1, 1, 1, 1, 1, 1, 1, 1, 1, 1, 1, 1, 1, 1, 1, 1, 1, 1, 1, 1, 1, 1, 1, 1, 1, 1, 1, 1, 1, 1, 1, 1, 1, 1, 1, 1, 1, 1, 1, 1, 1, 1, 1, 1, 1, 1, 1, 1, 1, 1, 1, 1, 1, 1, 1, 1, 1, 1, 1, 1, 1, 1, 1, 1, 1, 1, 1, 1, 1, 1, 1, 1, 1, 1, 1, 1, 1, 1, 1, 1, 1, 1, 1, 1, 1, 1, 1, 1, 1, 1, 1, 1, 1, 1, 1, 1, 1, 1, 1, 1, 1, 1, 1, 1])
(ascend, [1])
(ashamed, [1, 1])
(aside, [1, 1, 1, 1, 1, 1, 1, 1, 1, 1, 1, 1, 1, 1, 1, 1])
(ask, [1, 1, 1, 1])
(asked, [1])
(asleep, [1, 1])
(aspire, [1])
(ass, [1, 1, 1, 1])
(assist, [1])
(assure, [1])
(astray, [1])
(at, [1, 1, 1, 1, 1, 1, 1, 1, 1, 1, 1, 1, 1, 1, 1, 1, 1, 1, 1, 1, 1, 1, 1, 1, 1, 1, 1, 1, 1, 1, 1, 1, 1, 1, 1, 1, 1, 1, 1, 1, 1, 1, 1, 1, 1, 1, 1, 1, 1])
(at;, [1])
(attend, [1, 1, 1])
(attendants, [1])
(attended, [1, 1])
(attends, [1, 1])
(auburn, [1])
(aught, [1])
(augury, [1])
(away, [1, 1, 1, 1, 1, 1, 1, 1, 1, 1, 1, 1, 1, 1, 1, 1, 1, 1])
(away', [1])
(away;, [1])
(awful, [1])
(awhile, [1, 1, 1])
(awhile;, [1, 1])
(ay, [1, 1, 1, 1, 1, 1, 1, 1, 1, 1, 1, 1, 1, 1, 1, 1, 1, 1, 1, 1, 1, 1, 1, 1, 1, 1, 1, 1, 1, 1, 1, 1, 1, 1, 1, 1, 1, 1, 1, 1, 1, 1])
(ay', [1, 1])
(ay;, [1, 1])
(b, [1])
(baa', [1])
(babble, [1])
(babe, [1])
(back, [1, 1, 1, 1])
(bad, [1, 1, 1, 1])
(bade, [1, 1, 1])
(banish, [1])
(banish'd, [1, 1, 1, 1, 1, 1, 1, 1])
(banished, [1, 1, 1])
(banishedo, [1])
(banishment, [1])
(bankrupt, [1])
(bare, [1, 1, 1, 1])
(bargain, [1])
(base, [1, 1, 1, 1, 1, 1, 1, 1])
(bass, [1])
(bastard, [1])
(be, [1, 1, 1, 1, 1, 1, 1, 1, 1, 1, 1, 1, 1, 1, 1, 1, 1, 1, 1, 1, 1, 1, 1, 1, 1, 1, 1, 1, 1, 1, 1, 1, 1, 1, 1, 1, 1, 1, 1, 1, 1, 1, 1, 1, 1, 1, 1, 1, 1, 1, 1, 1, 1, 1, 1, 1, 1, 1, 1, 1, 1, 1, 1, 1, 1, 1, 1, 1, 1, 1, 1, 1, 1, 1, 1, 1, 1, 1, 1, 1, 1, 1, 1, 1, 1, 1, 1, 1, 1, 1, 1, 1, 1, 1, 1, 1, 1, 1, 1, 1, 1, 1, 1, 1, 1, 1, 1, 1, 1, 1, 1, 1, 1, 1, 1, 1, 1, 1, 1, 1, 1, 1, 1, 1, 1, 1, 1, 1, 1, 1, 1, 1, 1, 1, 1, 1, 1, 1, 1, 1, 1, 1, 1, 1, 1, 1])
(be', [1])
(be;, [1, 1, 1])
(beadsman, [1])
(bear, [1, 1, 1, 1, 1, 1, 1, 1, 1, 1])
(beard, [1])
(bearing, [1])
(bears, [1, 1])
(beast, [1])
(beauteous, [1])
(beautified, [1])
(beautiful, [1, 1])
(beauty, [1, 1, 1, 1, 1, 1, 1, 1])
(became, [1])
(because, [1, 1, 1, 1, 1, 1, 1, 1, 1, 1, 1, 1, 1, 1, 1])
(bechance, [1])
(become, [1, 1, 1, 1, 1, 1, 1])
(bed, [1, 1, 1])
(been, [1, 1, 1, 1, 1, 1, 1, 1, 1, 1, 1, 1, 1, 1, 1, 1, 1, 1, 1])
(bees, [1])
(before, [1, 1, 1, 1])
(before;, [1])
(befortune, [1])
(beg, [1])
(beget, [1])
(beggar, [1])
(begin, [1, 1, 1])
(begins, [1, 1])
(begot, [1])
(beguiled, [1])
(behavior, [1])
(beheld, [1])
(behind, [1])
(behold, [1])
(beholding, [1])
(being, [1, 1, 1, 1, 1, 1, 1, 1, 1, 1, 1, 1, 1, 1, 1, 1, 1, 1, 1, 1])
(believe, [1])
(believe;, [1])
(believing, [1])
(belike, [1, 1, 1, 1, 1])
(beloved, [1, 1, 1])
(bended, [1])
(benefit, [1])
(beseech, [1, 1])
(beseem, [1])
(beseeming, [1])
(beset, [1])
(beset;, [1])
(beshrew, [1, 1])
(besides, [1, 1, 1, 1, 1])
(best, [1, 1, 1, 1, 1, 1, 1, 1, 1, 1, 1, 1, 1, 1])
(bestow, [1, 1, 1, 1])
(bestow'd, [1])
(betideth, [1, 1])
(betroth'd, [1, 1])
(better, [1, 1, 1, 1, 1, 1, 1, 1, 1, 1, 1, 1])
(between, [1])
(bid, [1, 1, 1])
(biding, [1])
(bids, [1, 1, 1])
(big, [1])
(bind, [1])
(birth, [1, 1, 1])
(bite, [1])
(bitter, [1, 1, 1])
(bitterly;, [1])
(black, [1, 1, 1, 1, 1, 1])
(blackest, [1])
(blasting, [1])
(bless'd, [1])
(blessed, [1])
(blessing, [1, 1])
(blest, [1])
(blind, [1, 1, 1, 1, 1])
(blind;, [1])
(blinded, [1])
(blindness, [1])
(block, [1])
(blood, [1, 1])
(blot, [1])
(blow, [1, 1])
(blunt, [1])
(blush, [1])
(blushes, [1])
(boast, [1])
(boat, [1])
(body, [1, 1])
(bold, [1, 1, 1])
(bolder, [1])
(bonds, [1])
(book, [1])
(boom, [1])
(boon, [1])
(boot, [1])
(boots, [1, 1, 1, 1])
(bore, [1])
(borrows, [1, 1])
(bosom, [1, 1, 1, 1])
(both, [1, 1, 1, 1])
(bottom, [1])
(bought, [1, 1])
(bounds, [1])
(bounty, [1, 1])
(boy, [1, 1, 1, 1, 1, 1, 1, 1, 1, 1, 1, 1, 1])
(boys, [1])
(brag, [1])
(braggardism, [1])
(break, [1, 1, 1, 1, 1, 1])
(breakfast, [1, 1])
(breaking, [1])
(breast, [1])
(breath, [1, 1])
(breath', [1])
(breathe, [1, 1])
(breeches, [1])
(breed, [1])
(breeder, [1])
(brew, [1])
(brews, [1])
(brief, [1])
(bring, [1, 1, 1, 1, 1, 1, 1, 1, 1])
(bringing, [1])
(broken, [1, 1])
(broker, [1])
(brook, [1, 1])
(brother, [1])
(brothers, [1])
(brought, [1, 1, 1, 1, 1])
(brow, [1])
(bruising, [1])
(bu, [1])
(bud, [1, 1, 1])
(building, [1])
(built, [1])
(burden, [1])
(buried, [1, 1, 1])
(burn, [1, 1, 1])
(burning, [1])
(burns, [1, 1])
(bury, [1])
(business, [1])
(but, [1, 1, 1, 1, 1, 1, 1, 1, 1, 1, 1, 1, 1, 1, 1, 1, 1, 1, 1, 1, 1, 1, 1, 1, 1, 1, 1, 1, 1, 1, 1, 1, 1, 1, 1, 1, 1, 1, 1, 1, 1, 1, 1, 1, 1, 1, 1, 1, 1, 1, 1, 1, 1, 1, 1, 1, 1, 1, 1, 1, 1, 1, 1, 1, 1, 1, 1, 1, 1, 1, 1, 1, 1, 1, 1, 1, 1, 1, 1, 1, 1, 1, 1, 1, 1, 1, 1, 1, 1, 1, 1, 1, 1, 1, 1, 1, 1, 1, 1, 1, 1, 1, 1, 1, 1, 1, 1, 1, 1, 1, 1, 1, 1, 1, 1, 1, 1, 1, 1, 1, 1, 1, 1, 1, 1, 1, 1, 1, 1, 1, 1, 1, 1, 1, 1, 1, 1, 1, 1, 1, 1, 1, 1, 1, 1, 1, 1])
(by, [1, 1, 1, 1, 1, 1, 1, 1, 1, 1, 1, 1, 1, 1, 1, 1, 1, 1, 1, 1, 1, 1, 1, 1, 1, 1, 1, 1, 1, 1, 1, 1, 1, 1, 1, 1, 1, 1, 1, 1, 1, 1, 1, 1, 1, 1, 1, 1, 1, 1, 1, 1, 1, 1, 1, 1, 1, 1, 1, 1, 1, 1, 1, 1, 1, 1, 1, 1, 1, 1, 1, 1, 1, 1, 1, 1, 1, 1, 1, 1, 1])
(c;, [1])
(call, [1, 1, 1, 1, 1, 1, 1, 1, 1, 1, 1, 1])
(calls, [1, 1])
(calm, [1, 1])
(came, [1, 1, 1, 1, 1])
(came;, [1])
(camest, [1])
(can, [1, 1, 1, 1, 1, 1, 1, 1, 1, 1, 1, 1, 1, 1, 1, 1, 1, 1, 1, 1, 1, 1, 1, 1, 1, 1, 1, 1, 1, 1, 1, 1, 1, 1, 1])
(cancel, [1])
(canker, [1, 1])
(cannot, [1, 1, 1, 1, 1, 1, 1, 1, 1, 1, 1, 1, 1, 1, 1, 1, 1, 1, 1, 1, 1, 1, 1, 1, 1, 1, 1, 1, 1, 1, 1, 1, 1, 1])
(canst, [1, 1, 1, 1, 1])
(cape, [1])
(capon, [1])
(captain, [1, 1, 1, 1])
(car, [1])
(care, [1, 1, 1, 1, 1])
(care;, [1])
(cares, [1])
(carried, [1])
(carry, [1, 1, 1])
(carry', [1])
(carry;, [1])
(carrying, [1, 1])
(cast, [1, 1, 1])
(cat, [1])
(catching, [1])
(catelog, [1])
(cause, [1])
(cave, [1])
(cavil, [1])
(cease, [1, 1, 1])
(celestial, [1, 1])
(cell, [1, 1, 1])
(censure, [1])
(certain, [1, 1, 1])
(chafed, [1])
(chains, [1])
(chamber, [1, 1, 1, 1, 1, 1, 1, 1, 1])
(chamber;, [1])
(chamberwindow, [1, 1, 1])
(chameleon, [1, 1])
(chance, [1])
(change, [1, 1, 1, 1, 1, 1])
(changed, [1])
(changing, [1])
(character'd, [1])
(charged, [1])
(charity, [1])
(chase, [1])
(chased, [1])
(chastity, [1])
(cheeks, [1])
(cheque, [1])
(cherish, [1])
(cherish'd, [1, 1])
(chid, [1, 1, 1])
(chidden, [1])
(chide, [1, 1, 1])
(chief, [1])
(chiefly, [1])
(child, [1, 1])
(childlike, [1])
(choose, [1])
(chose, [1])
(christian, [1, 1, 1])
(chronicled, [1])
(churlish, [1])
(churlishly, [1])
(circumstance, [1, 1, 1, 1])
(cite, [1, 1])
(city, [1])
(citygate;, [1])
(civil, [1])
(claim, [1, 1])
(clean, [1])
(cleft, [1])
(clerkly, [1])
(climb, [1, 1, 1])
(cloak, [1, 1, 1, 1, 1, 1])
(cloister, [1])
(close, [1, 1])
(close;, [1])
(closed, [1])
(closest, [1])
(clothe, [1])
(clothes, [1])
(cloud, [1])
(cock;, [1])
(codpiece, [1, 1])
(coil, [1])
(cold, [1, 1, 1])
(coldly, [1])
(colour, [1, 1])
(colour'd, [1])
(come, [1, 1, 1, 1, 1, 1, 1, 1, 1, 1, 1, 1, 1, 1, 1, 1, 1, 1, 1, 1, 1, 1, 1, 1, 1, 1, 1, 1, 1, 1, 1, 1, 1, 1, 1, 1, 1, 1, 1])
(come;, [1, 1])
(comes, [1, 1, 1, 1, 1, 1, 1, 1, 1, 1])
(coming, [1, 1, 1, 1])
(coming;, [1])
(command, [1, 1, 1, 1, 1])
(commanded, [1])
(commander, [1])
(commend, [1, 1, 1, 1, 1, 1])
(commendation, [1])
(commendations, [1])
(commended, [1])
(commending, [1])
(comment, [1])
(commit, [1])
(committed, [1])
(common, [1])
(companies, [1])
(companion, [1])
(company, [1, 1, 1, 1, 1, 1, 1, 1, 1, 1])
(company;, [1])
(compass, [1, 1, 1])
(competitor, [1])
(complaining, [1, 1])
(complete, [1])
(composed, [1])
(conceal;, [1])
(concealing, [1])
(conceit, [1])
(conceitless, [1])
(concern, [1])
(concerning, [1])
(concerns, [1, 1])
(concert;, [1])
(conclude, [1])
(conclusion, [1, 1])
(concord, [1])
(condition, [1])
(conditions, [1])
(confer, [1, 1, 1, 1, 1])
(confess, [1])
(confession, [1, 1])
(confirm, [1, 1])
(confounds, [1])
(conjure, [1])
(consent, [1])
(consents, [1])
(consider'd, [1])
(considers, [1])
(consort, [1])
(conspire, [1])
(constancy;, [1])
(constant, [1, 1, 1])
(construe, [1])
(contemning, [1])
(contempt, [1])
(contemptuously, [1])
(contend, [1])
(content, [1])
(contents, [1, 1])
(continue, [1])
(contrary, [1])
(contrary;, [1])
(converse, [1])
(conversed, [1])
(convey, [1, 1])
(convey'd, [1])
(corded, [1, 1])
(cords, [1, 1])
(correction, [1, 1])
(corrupted, [1])
(could, [1, 1, 1, 1, 1, 1, 1, 1, 1, 1, 1])
(couldst, [1])
(counsel, [1, 1, 1, 1, 1, 1])
(counsel;, [1])
(counsellor, [1])
(count, [1, 1, 1])
(counterfeit, [1])
(counterfeits, [1])
(countryman, [1, 1])
(counts, [1])
(couples, [1])
(course, [1, 1, 1])
(court, [1, 1, 1, 1, 1, 1, 1])
(court;, [1])
(courtesy, [1])
(cover, [1])
(covers, [1])
(cowardice, [1, 1])
(coy, [1, 1])
(crab, [1, 1, 1])
(creatures, [1])
(creep, [1])
(crept, [1])
(crews, [1])
(crimes, [1])
(crooked, [1])
(cross, [1, 1, 1])
(cross'd, [1, 1])
(crow, [1])
(cruelhearted, [1])
(crusts, [1])
(cry, [1, 1, 1, 1])
(crying, [1])
(crystal, [1])
(cunning, [1, 1])
(cunningly, [1])
(cur, [1, 1, 1, 1, 1])
(current, [1])
(currish, [1])
(curse, [1, 1, 1])
(curst', [1])
(cut, [1])
(daily, [1, 1])
(dammt, [1])
(dance, [1])
(danger, [1, 1, 1])
(dangerous, [1, 1])
(dare, [1, 1, 1, 1, 1])
(darest, [1])
(daring, [1])
(daughter, [1, 1, 1, 1, 1, 1, 1, 1, 1, 1])
(daughter;, [1])
(day, [1, 1, 1, 1, 1, 1, 1, 1, 1, 1])
(days, [1, 1])
(days;, [1])
(dazzled, [1])
(dead, [1, 1, 1, 1, 1, 1])
(dead;, [1])
(deadly, [1, 1])
(deaf;, [1])
(dear, [1, 1, 1, 1, 1, 1])
(dearer, [1])
(dearth, [1])
(death, [1, 1, 1, 1, 1, 1])
(death;, [1])
(deceitful, [1])
(deceive, [1, 1])
(deceived, [1])
(decks, [1])
(deeds, [1])
(deep, [1, 1, 1])
(deeper, [1])
(deepest, [1])
(deeply, [1])
(deeps, [1])
(deformed, [1, 1])
(deformity, [1])
(degenerate, [1])
(deign, [1])
(deliberate, [1])
(delight, [1, 1])
(delights, [1])
(deliver, [1, 1, 1, 1, 1])
(deliver'd, [1, 1, 1, 1])
(delivered, [1, 1])
(delivering, [1])
(deny, [1])
(depart, [1, 1])
(departure, [1, 1])
(depending, [1])
(deploring, [1])
(derived, [1])
(derived;, [1])
(descant, [1])
(descended, [1])
(descent, [1])
(desert, [1, 1, 1, 1])
(deserts, [1])
(deserve, [1])
(deserved, [1])
(deserves, [1, 1])
(desire, [1, 1, 1, 1])
(desires, [1])
(desolate, [1])
(despairing, [1])
(desperate, [1])
(despise, [1])
(despised, [1])
(despiseth, [1, 1])
(destined, [1])
(determine, [1])
(determined, [1, 1])
(detest, [1, 1])
(device, [1])
(devised, [1])
(devoted, [1])
(did, [1, 1, 1, 1, 1, 1, 1, 1, 1, 1, 1, 1, 1, 1, 1, 1, 1, 1, 1, 1, 1, 1, 1, 1, 1, 1, 1])
(didst, [1, 1, 1, 1, 1, 1, 1])
(die, [1, 1, 1])
(died, [1])
(diest, [1])
(diet;, [1])
(difference, [1])
(dignified, [1])
(dignify, [1])
(dine, [1])
(dined, [1])
(diningchamber, [1])
(dinner, [1])
(dinner;, [1])
(dinnertime, [1, 1])
(directiongiver, [1])
(direlamenting, [1])
(disability, [1])
(discipline, [1])
(disclosed, [1])
(discourse, [1, 1, 1, 1, 1, 1, 1, 1])
(discover, [1, 1, 1, 1])
(discovered, [1])
(discovery, [1])
(discretion, [1])
(disdain, [1, 1])
(disembark, [1])
(disfurnish, [1])
(disgrace, [1])
(disgraced, [1])
(disguise, [1])
(disguising, [1])
(disloyal, [1])
(disobedient, [1])
(dispatch, [1, 1, 1])
(displeased, [1])
(dispose, [1, 1, 1])
(dispraise, [1, 1])
(dispraised, [1])
(disprove, [1])
(dissolves, [1])
(distance, [1])
(distresses, [1])
(divine, [1, 1, 1, 1])
(do, [1, 1, 1, 1, 1, 1, 1, 1, 1, 1, 1, 1, 1, 1, 1, 1, 1, 1, 1, 1, 1, 1, 1, 1, 1, 1, 1, 1, 1, 1, 1, 1, 1, 1, 1, 1, 1, 1, 1, 1, 1, 1, 1, 1, 1, 1, 1, 1, 1, 1, 1, 1, 1, 1, 1, 1, 1, 1, 1, 1, 1, 1, 1, 1, 1, 1, 1, 1, 1, 1])
(do;, [1, 1])
(does, [1])
(dog, [1, 1, 1, 1, 1, 1, 1, 1, 1, 1, 1, 1, 1, 1, 1, 1, 1, 1])
(dog', [1, 1, 1])
(dog;, [1])
(dogoh, [1])
(dogs, [1, 1])
(dolour, [1])
(don, [1, 1])
(done, [1, 1, 1, 1, 1, 1, 1, 1, 1, 1, 1, 1, 1, 1])
(done;, [1])
(doom, [1, 1, 1])
(doors, [1])
(dost, [1, 1, 1, 1, 1, 1, 1, 1, 1])
(dote, [1, 1, 1])
(doth, [1, 1, 1, 1, 1, 1, 1, 1, 1, 1, 1, 1, 1])
(doth;, [1])
(double, [1])
(doublet, [1])
(doubt, [1])
(doubtfully, [1])
(down, [1, 1, 1, 1, 1, 1, 1, 1])
(down;, [1])
(draw, [1])
(drawn, [1])
(dream, [1, 1, 1])
(dreams, [1])
(drench'd, [1])
(drier, [1])
(drift, [1, 1, 1])
(drive, [1])
(drives, [1])
(drown'd, [1, 1])
(drowning, [1])
(dry, [1, 1])
(ducat, [1])
(duke, [1, 1, 1, 1, 1, 1, 1, 1, 1, 1, 1, 1, 1, 1, 1, 1, 1, 1, 1, 1, 1, 1, 1, 1, 1, 1, 1, 1, 1, 1, 1, 1, 1, 1, 1, 1, 1, 1, 1, 1, 1, 1, 1, 1, 1, 1, 1, 1, 1, 1, 1, 1, 1, 1, 1, 1, 1, 1, 1, 1, 1, 1, 1, 1, 1])
(dull, [1, 1])
(dully, [1])
(dumb, [1, 1, 1])
(dump, [1])
(dust, [1])
(duty, [1, 1, 1, 1, 1, 1, 1])
(dwelling, [1])
(dwells, [1])
(e'er, [1, 1, 1])
(each, [1, 1, 1, 1])
(ear, [1, 1, 1])
(early, [1])
(earnest, [1, 1])
(ears, [1])
(earth, [1, 1, 1, 1, 1, 1, 1])
(earthly, [1])
(easily, [1])
(eaten, [1])
(eating, [1, 1])
(effect, [1, 1, 1])
(effects, [1])
(effectual, [1])
(eglamour, [1, 1, 1, 1, 1, 1, 1, 1, 1, 1, 1, 1, 1, 1, 1, 1, 1, 1, 1, 1, 1])
(either, [1])
(elegies, [1])
(eloquence, [1])
(else, [1, 1, 1, 1, 1, 1, 1, 1, 1, 1, 1, 1, 1, 1, 1])
(elysium, [1])
(em, [1, 1, 1])
(embark, [1])
(embrace, [1, 1])
(emperor, [1, 1, 1, 1, 1])
(emperor;, [1])
(employ, [1, 1])
(employ'd, [1])
(employment, [1])
(empress', [1, 1])
(enamell'ed, [1])
(encounter, [1])
(encounters, [1])
(end, [1, 1, 1, 1, 1, 1])
(endamage, [1])
(endanger, [1])
(ending, [1])
(endless, [1])
(endued, [1])
(endure, [1])
(enemies, [1])
(enemy, [1, 1])
(enforce, [1])
(enforced, [1])
(enfranchise, [1])
(enfranchised, [1])
(engine, [1])
(engraved, [1])
(enjoin'd, [1])
(enjoined, [1])
(enough, [1, 1, 1])
(enough;, [1, 1])
(enraged, [1])
(ensuing, [1])
(enter, [1, 1, 1, 1, 1, 1, 1, 1, 1, 1, 1, 1, 1, 1, 1, 1, 1, 1, 1, 1, 1, 1, 1, 1, 1, 1, 1, 1, 1, 1, 1, 1, 1, 1, 1, 1, 1, 1, 1, 1, 1, 1, 1])
(entertain, [1, 1, 1])
(entertain'd, [1, 1])
(entertained, [1])
(enthralled, [1])
(entreat, [1, 1])
(entreated, [1, 1])
(environ, [1])
(equal, [1])
(ere, [1, 1, 1, 1, 1, 1])
(err, [1])
(erring, [1])
(error, [1])
(especially, [1])
(essence, [1])
(esteem, [1])
(esteemest, [1])
(esteemeth, [1])
(esteems, [1, 1])
(estimation, [1])
(eternal, [1])
(ethiope, [1])
(eve, [1])
(even, [1, 1, 1, 1, 1, 1, 1, 1, 1, 1, 1, 1, 1, 1, 1, 1, 1, 1])
(even;, [1])
(evening, [1, 1, 1])
(ever, [1, 1, 1, 1, 1, 1, 1, 1, 1, 1, 1, 1, 1])
(everlastingly, [1])
(every, [1, 1, 1, 1])
(exceed, [1])
(exceeding, [1])
(excellent, [1, 1])
(excelling;, [1])
(excels, [1, 1])
(except, [1, 1, 1, 1, 1, 1, 1, 1])
(excepted, [1])
(exceptions, [1, 1])
(excess, [1])
(exchange, [1])
(exchange;, [1])
(exchequer, [1])
(excus'd, [1])
(excuse, [1, 1, 1])
(excuse;, [1])
(executed;, [1])
(execution, [1, 1])
(exercise, [1])
(exercises, [1])
(exeunt, [1, 1, 1, 1, 1, 1, 1, 1, 1, 1, 1, 1, 1, 1, 1, 1, 1, 1, 1])
(exhibition, [1])
(exile, [1, 1])
(exit, [1, 1, 1, 1, 1, 1, 1, 1, 1, 1, 1, 1, 1, 1, 1, 1, 1, 1, 1, 1, 1, 1, 1, 1, 1, 1])
(expects, [1])
(expedition, [1, 1, 1, 1])
(expels, [1])
(experience, [1, 1])
(expostulate, [1])
(exquisite, [1])
(extol, [1])
(extreme, [1])
(eye, [1, 1, 1, 1, 1, 1, 1])
(eyes, [1, 1, 1, 1, 1, 1, 1, 1, 1])
(eyes;, [1, 1])
(face, [1, 1, 1, 1, 1, 1, 1])
(faces, [1])
(faction, [1])
(fading, [1])
(fail, [1, 1])
(fain, [1, 1])
(fair, [1, 1, 1, 1, 1, 1, 1, 1, 1, 1, 1, 1, 1, 1, 1, 1, 1, 1, 1])
(fair;, [1, 1])
(fairer, [1])
(fairly, [1])
(faith, [1, 1, 1, 1, 1, 1, 1])
(fall, [1, 1, 1])
(falls, [1])
(false, [1, 1, 1, 1, 1, 1, 1, 1, 1, 1, 1, 1, 1])
(falsehood, [1, 1, 1])
(fancy, [1])
(fantastic, [1])
(far, [1, 1, 1, 1, 1, 1, 1])
(farewell, [1, 1, 1, 1])
(farthingale, [1])
(farthingale', [1])
(fashion, [1, 1, 1, 1, 1])
(fast, [1, 1, 1, 1, 1])
(fast;, [1])
(fasted, [1])
(fasting, [1])
(fasts, [1])
(fat, [1])
(father, [1, 1, 1, 1, 1, 1, 1, 1, 1, 1, 1, 1, 1, 1, 1, 1, 1, 1, 1])
(father;, [1, 1, 1, 1])
(fathers, [1, 1])
(fault, [1, 1, 1, 1, 1, 1])
(faults, [1, 1, 1, 1])
(faults', [1, 1])
(faults;, [1])
(favour, [1, 1, 1])
(favours, [1, 1])
(fawneth, [1])
(fawning, [1])
(fealty, [1])
(fear, [1, 1, 1, 1, 1, 1, 1, 1, 1, 1, 1, 1, 1, 1, 1])
(fear'd, [1])
(fearfulhanging, [1])
(fearing, [1, 1, 1])
(fears, [1])
(feast, [1])
(feature, [1])
(fed, [1])
(fee, [1])
(feeble, [1])
(feed, [1, 1, 1, 1])
(feel, [1])
(feeling, [1])
(feet, [1])
(fellow, [1, 1])
(fellows, [1])
(fellowservant, [1])
(felt, [1])
(fetch, [1, 1, 1])
(fie, [1, 1, 1, 1, 1])
(fight, [1])
(figure, [1, 1, 1])
(fill, [1, 1])
(fills, [1])
(find, [1, 1, 1, 1, 1, 1, 1])
(finds, [1])
(fine, [1, 1])
(fine;, [1])
(finest, [1])
(finger, [1])
(fingering, [1])
(fire, [1, 1, 1, 1, 1, 1, 1, 1])
(firm, [1])
(first, [1, 1, 1, 1, 1, 1, 1, 1, 1, 1, 1, 1, 1, 1, 1, 1, 1])
(fish, [1])
(fit, [1, 1, 1, 1, 1, 1])
(fits, [1])
(fitting, [1])
(five, [1, 1])
(flat, [1])
(flatter, [1, 1, 1, 1, 1])
(flatter'd, [1])
(flattery, [1])
(fled, [1, 1])
(fled;, [1])
(flies, [1])
(flight, [1, 1, 1])
(flight;, [1, 1])
(flood, [1, 1])
(flourishing, [1])
(flower, [1])
(fly, [1, 1, 1, 1, 1])
(flying, [1, 1])
(fodder, [1])
(foes, [1, 1])
(fold, [1, 1])
(follies, [1, 1])
(follow, [1, 1, 1, 1, 1, 1, 1])
(followers, [1])
(followest, [1])
(follows, [1, 1, 1, 1])
(folly, [1, 1, 1, 1, 1, 1, 1, 1, 1, 1])
(fond, [1, 1])
(food, [1, 1, 1])
(fool, [1, 1, 1, 1, 1, 1, 1, 1, 1])
(foolish, [1, 1, 1])
(fools, [1])
(for, [1, 1, 1, 1, 1, 1, 1, 1, 1, 1, 1, 1, 1, 1, 1, 1, 1, 1, 1, 1, 1, 1, 1, 1, 1, 1, 1, 1, 1, 1, 1, 1, 1, 1, 1, 1, 1, 1, 1, 1, 1, 1, 1, 1, 1, 1, 1, 1, 1, 1, 1, 1, 1, 1, 1, 1, 1, 1, 1, 1, 1, 1, 1, 1, 1, 1, 1, 1, 1, 1, 1, 1, 1, 1, 1, 1, 1, 1, 1, 1, 1, 1, 1, 1, 1, 1, 1, 1, 1, 1, 1, 1, 1, 1, 1, 1, 1, 1, 1, 1, 1, 1, 1, 1, 1, 1, 1, 1, 1, 1, 1, 1, 1, 1, 1, 1, 1, 1, 1, 1, 1, 1, 1, 1, 1, 1, 1, 1, 1, 1, 1, 1, 1, 1, 1, 1, 1, 1, 1, 1, 1, 1, 1, 1, 1, 1, 1, 1, 1, 1, 1, 1, 1, 1, 1, 1, 1, 1, 1, 1, 1, 1, 1, 1, 1, 1, 1, 1, 1, 1, 1, 1, 1, 1, 1, 1, 1, 1, 1, 1, 1, 1, 1, 1, 1, 1, 1, 1, 1, 1, 1, 1, 1, 1, 1, 1, 1, 1, 1, 1, 1, 1, 1, 1, 1, 1, 1, 1, 1, 1, 1, 1, 1, 1, 1, 1, 1, 1, 1, 1, 1, 1, 1, 1, 1])
(for't, [1, 1])
(for't;, [1, 1])
(forbear, [1, 1, 1, 1, 1, 1])
(forbid, [1])
(force, [1, 1, 1, 1])
(forced, [1])
(forehead, [1])
(forest, [1, 1, 1, 1])
(forest;, [1])
(forget, [1, 1, 1, 1])
(forgetfulness, [1])
(forgive, [1, 1, 1])
(forgot, [1, 1, 1])
(forgotten, [1])
(forlorn, [1, 1])
(form, [1, 1, 1])
(former, [1, 1])
(forsake, [1])
(forsook, [1])
(forswear, [1, 1])
(forsworn, [1, 1, 1, 1])
(forsworn;, [1, 1, 1])
(forth, [1, 1])
(fortune, [1, 1, 1, 1, 1, 1, 1, 1, 1])
(fortuned, [1])
(forward, [1, 1])
(foster'd, [1])
(foul, [1, 1])
(found, [1, 1])
(four, [1, 1])
(fox, [1])
(frame, [1])
(fraud, [1])
(free, [1])
(fresh, [1])
(friar, [1, 1, 1, 1])
(friend, [1, 1, 1, 1, 1, 1, 1, 1, 1, 1, 1, 1, 1, 1, 1, 1, 1, 1, 1, 1, 1, 1, 1, 1, 1])
(friend', [1])
(friend;, [1, 1, 1])
(friendly, [1])
(friends, [1, 1, 1, 1, 1, 1, 1, 1, 1])
(friendship, [1])
(from, [1, 1, 1, 1, 1, 1, 1, 1, 1, 1, 1, 1, 1, 1, 1, 1, 1, 1, 1, 1, 1, 1, 1, 1, 1, 1, 1, 1, 1, 1, 1, 1, 1, 1, 1, 1, 1, 1, 1, 1, 1, 1, 1, 1, 1, 1, 1, 1, 1, 1, 1, 1, 1, 1, 1, 1, 1, 1, 1, 1, 1, 1, 1, 1, 1, 1, 1])
(frontiers, [1, 1])
(froward, [1])
(frown, [1, 1])
(frowns, [1])
(frozen, [1])
(full, [1, 1, 1, 1, 1, 1, 1, 1])
(fullfraught, [1])
(furnish, [1])
(fury, [1])
(future, [1])
(gain;, [1])
(gainst, [1, 1])
(garden, [1])
(garlands, [1])
(garment, [1])
(garter, [1])
(gave, [1, 1, 1, 1, 1, 1, 1, 1, 1, 1, 1, 1, 1])
(gavest, [1])
(gaze, [1])
(gazing, [1])
(geese, [1])
(general, [1])
(gentle, [1, 1, 1, 1, 1, 1, 1, 1, 1, 1, 1, 1, 1, 1, 1, 1, 1])
(gentleman, [1, 1, 1, 1, 1, 1, 1, 1, 1, 1, 1, 1, 1, 1, 1])
(gentlemanlike, [1])
(gentlemen, [1, 1, 1, 1, 1, 1, 1, 1, 1, 1, 1])
(gentlewoman, [1, 1, 1, 1, 1])
(get, [1, 1, 1, 1, 1, 1, 1, 1])
(gift, [1, 1])
(gifts, [1, 1])
(gild, [1])
(gingerly, [1])
(girl, [1, 1, 1, 1, 1])
(give, [1, 1, 1, 1, 1, 1, 1, 1, 1, 1, 1, 1, 1, 1, 1, 1, 1, 1, 1, 1, 1, 1])
(given, [1, 1])
(giver, [1])
(gives, [1])
(giving, [1, 1])
(glad, [1, 1])
(glances, [1])
(glass, [1])
(glides, [1])
(glory, [1])
(glove, [1])
(gloves, [1])
(go, [1, 1, 1, 1, 1, 1, 1, 1, 1, 1, 1, 1, 1, 1, 1, 1, 1, 1, 1, 1, 1, 1, 1, 1, 1, 1, 1, 1, 1, 1, 1, 1, 1, 1, 1, 1, 1, 1, 1, 1, 1, 1, 1, 1, 1, 1])
(go;, [1])
(god, [1])
(goes, [1, 1, 1, 1])
(going, [1, 1, 1, 1, 1])
(gold, [1])
(golden, [1])
(gone, [1, 1, 1, 1, 1, 1, 1, 1, 1, 1, 1, 1, 1, 1])
(gone', [1])
(gone;, [1, 1])
(good, [1, 1, 1, 1, 1, 1, 1, 1, 1, 1, 1, 1, 1, 1, 1, 1, 1, 1, 1, 1, 1, 1, 1, 1, 1, 1, 1, 1, 1, 1, 1, 1, 1, 1, 1, 1, 1, 1, 1, 1, 1, 1, 1, 1, 1, 1, 1, 1, 1, 1])
(goodly, [1, 1])
(goodmorrows, [1])
(goods, [1])
(gossips;, [1])
(got, [1, 1])
(govern, [1])
(gown, [1])
(grace, [1, 1, 1, 1, 1, 1, 1, 1, 1, 1, 1, 1, 1, 1, 1, 1])
(grace;, [1])
(graced, [1])
(graces;, [1])
(gracious, [1, 1, 1])
(grandam, [1])
(grandam;, [1])
(grandfather, [1])
(grandmother, [1])
(grant, [1, 1, 1])
(granting, [1])
(grave, [1, 1, 1, 1])
(great, [1, 1, 1, 1, 1, 1, 1])
(greater, [1, 1, 1])
(greed, [1])
(gregory, [1])
(grey, [1])
(grief, [1, 1, 1, 1])
(griefs, [1])
(grievance, [1, 1])
(grievances;, [1])
(grieves, [1])
(grievous, [1])
(grievously, [1])
(groans, [1, 1])
(groans;, [1])
(ground, [1, 1])
(growing, [1, 1])
(grows, [1])
(grudge, [1])
(guess, [1])
(guess'd, [1])
(guest, [1])
(guide, [1])
(guilt, [1])
(ha, [1])
(habiliments, [1])
(habit, [1, 1, 1])
(had, [1, 1, 1, 1, 1, 1, 1, 1, 1, 1, 1, 1, 1, 1, 1, 1, 1, 1, 1, 1, 1, 1, 1, 1, 1])
(hair, [1, 1, 1, 1, 1, 1, 1])
(hairs, [1])
(hairs', [1])
(halidom, [1])
(halloing, [1])
(hallowmas, [1])
(hammering, [1])
(hand, [1, 1, 1, 1])
(hands, [1, 1, 1, 1, 1])
(hang, [1])
(hanged, [1, 1])
(hanging, [1])
(hangman, [1])
(hap;, [1])
(hapless, [1, 1])
(haply, [1, 1, 1, 1])
(happily, [1])
(happiness, [1, 1, 1, 1, 1])
(happy, [1, 1, 1, 1, 1, 1, 1])
(harbour, [1, 1, 1])
(hard, [1, 1, 1, 1, 1, 1, 1])
(hardfavoured, [1])
(hardly, [1, 1, 1])
(hark, [1, 1, 1, 1])
(harsh, [1, 1])
(has, [1, 1])
(hast, [1, 1, 1, 1, 1, 1, 1, 1, 1, 1, 1, 1, 1, 1, 1, 1, 1, 1, 1, 1])
(haste, [1, 1])
(haste;, [1])
(hasten, [1])
(hat, [1])
(hate, [1, 1, 1, 1, 1, 1, 1, 1])
(hateful, [1])
(hates;, [1])
(hath, [1, 1, 1, 1, 1, 1, 1, 1, 1, 1, 1, 1, 1, 1, 1, 1, 1, 1, 1, 1, 1, 1, 1, 1, 1, 1, 1, 1, 1, 1, 1, 1, 1, 1, 1, 1, 1, 1, 1, 1, 1, 1, 1, 1, 1, 1, 1, 1, 1, 1, 1, 1, 1])
(have, [1, 1, 1, 1, 1, 1, 1, 1, 1, 1, 1, 1, 1, 1, 1, 1, 1, 1, 1, 1, 1, 1, 1, 1, 1, 1, 1, 1, 1, 1, 1, 1, 1, 1, 1, 1, 1, 1, 1, 1, 1, 1, 1, 1, 1, 1, 1, 1, 1, 1, 1, 1, 1, 1, 1, 1, 1, 1, 1, 1, 1, 1, 1, 1, 1, 1, 1, 1, 1, 1, 1, 1, 1, 1, 1, 1, 1, 1, 1, 1, 1, 1, 1, 1, 1, 1, 1, 1, 1, 1, 1, 1, 1, 1, 1, 1, 1, 1, 1, 1, 1, 1, 1, 1, 1, 1, 1, 1, 1, 1, 1, 1, 1, 1, 1, 1, 1, 1, 1, 1, 1, 1, 1, 1, 1, 1, 1, 1, 1, 1, 1, 1, 1, 1, 1, 1, 1])
(having, [1, 1, 1, 1, 1, 1])
(hazard, [1, 1])
(he, [1, 1, 1, 1, 1, 1, 1, 1, 1, 1, 1, 1, 1, 1, 1, 1, 1, 1, 1, 1, 1, 1, 1, 1, 1, 1, 1, 1, 1, 1, 1, 1, 1, 1, 1, 1, 1, 1, 1, 1, 1, 1, 1, 1, 1, 1, 1, 1, 1, 1, 1, 1, 1, 1, 1, 1, 1, 1, 1, 1, 1, 1, 1, 1, 1, 1, 1, 1, 1, 1, 1, 1, 1, 1, 1, 1, 1, 1, 1, 1, 1, 1, 1, 1, 1, 1, 1, 1, 1, 1, 1, 1, 1, 1, 1, 1, 1, 1, 1, 1, 1, 1, 1, 1])
(head, [1, 1, 1])
(heal'd;, [1])
(health, [1, 1, 1])
(heap, [1])
(hear, [1, 1, 1, 1, 1, 1, 1, 1, 1, 1, 1, 1, 1, 1, 1, 1])
(heard, [1, 1, 1, 1])
(heardest, [1])
(hearing, [1])
(hearken, [1])
(heart, [1, 1, 1, 1, 1, 1, 1, 1, 1, 1, 1, 1, 1, 1, 1, 1, 1])
(heart;, [1])
(heartsore, [1, 1])
(heartstrings, [1])
(hearty, [1])
(heat, [1, 1, 1])
(heave, [1])
(heaven, [1, 1, 1, 1, 1, 1, 1, 1, 1, 1, 1, 1])
(heavenbred, [1])
(heavenly, [1, 1, 1, 1])
(heaviest, [1])
(heavy, [1, 1, 1])
(hebrew, [1])
(heedfully, [1])
(heels, [1])
(height, [1])
(heir, [1])
(held, [1, 1, 1])
(hellespont, [1, 1])
(help, [1, 1, 1, 1, 1])
(help'd, [1])
(hence, [1, 1, 1, 1, 1, 1, 1, 1, 1, 1, 1, 1])
(hence;, [1])
(henceforth, [1, 1, 1])
(her, [1, 1, 1, 1, 1, 1, 1, 1, 1, 1, 1, 1, 1, 1, 1, 1, 1, 1, 1, 1, 1, 1, 1, 1, 1, 1, 1, 1, 1, 1, 1, 1, 1, 1, 1, 1, 1, 1, 1, 1, 1, 1, 1, 1, 1, 1, 1, 1, 1, 1, 1, 1, 1, 1, 1, 1, 1, 1, 1, 1, 1, 1, 1, 1, 1, 1, 1, 1, 1, 1, 1, 1, 1, 1, 1, 1, 1, 1, 1, 1, 1, 1, 1, 1, 1, 1, 1, 1, 1, 1, 1, 1, 1, 1, 1, 1, 1, 1, 1, 1, 1, 1, 1, 1, 1, 1, 1, 1, 1, 1, 1, 1, 1, 1, 1, 1, 1, 1, 1, 1, 1, 1, 1, 1, 1, 1, 1, 1, 1, 1, 1, 1, 1, 1, 1, 1, 1, 1, 1, 1, 1, 1, 1, 1, 1, 1, 1, 1, 1, 1, 1, 1, 1, 1, 1, 1, 1, 1, 1, 1, 1, 1, 1, 1, 1, 1, 1, 1, 1, 1, 1, 1, 1, 1, 1, 1, 1, 1, 1, 1, 1, 1, 1, 1, 1, 1, 1, 1, 1, 1, 1, 1, 1, 1])
(her;, [1, 1, 1, 1, 1, 1])
(herald, [1])
(here, [1, 1, 1, 1, 1, 1, 1, 1, 1, 1, 1, 1, 1, 1, 1, 1, 1, 1, 1, 1, 1, 1, 1, 1, 1, 1, 1, 1, 1, 1, 1, 1, 1, 1, 1, 1, 1, 1, 1, 1, 1, 1, 1, 1, 1, 1])
(here;, [1])
(hero, [1])
(hers, [1, 1, 1, 1])
(herself, [1, 1, 1, 1])
(hide, [1])
(hides, [1, 1])
(hie, [1, 1])
(high, [1, 1, 1, 1, 1])
(highly, [1])
(him, [1, 1, 1, 1, 1, 1, 1, 1, 1, 1, 1, 1, 1, 1, 1, 1, 1, 1, 1, 1, 1, 1, 1, 1, 1, 1, 1, 1, 1, 1, 1, 1, 1, 1, 1, 1, 1, 1, 1, 1, 1, 1, 1, 1, 1, 1, 1, 1, 1, 1, 1, 1, 1, 1, 1, 1, 1, 1, 1, 1, 1, 1, 1, 1, 1, 1, 1, 1, 1, 1, 1, 1, 1, 1, 1, 1, 1, 1, 1, 1, 1, 1, 1, 1, 1, 1])
(him;, [1, 1, 1])
(himself, [1, 1, 1, 1, 1, 1, 1, 1, 1])
(hinder, [1])
(hindered, [1])
(his, [1, 1, 1, 1, 1, 1, 1, 1, 1, 1, 1, 1, 1, 1, 1, 1, 1, 1, 1, 1, 1, 1, 1, 1, 1, 1, 1, 1, 1, 1, 1, 1, 1, 1, 1, 1, 1, 1, 1, 1, 1, 1, 1, 1, 1, 1, 1, 1, 1, 1, 1, 1, 1, 1, 1, 1, 1, 1, 1, 1, 1, 1, 1, 1, 1, 1, 1, 1, 1, 1, 1, 1, 1, 1, 1, 1, 1, 1, 1, 1, 1, 1, 1, 1, 1, 1, 1, 1, 1, 1, 1, 1, 1, 1, 1, 1, 1, 1, 1, 1, 1, 1, 1])
(hither, [1, 1, 1, 1])
(ho, [1])
(hold, [1, 1, 1, 1, 1, 1, 1, 1, 1])
(holds, [1])
(hole, [1])
(holy, [1, 1, 1, 1, 1])
(homage, [1])
(home, [1, 1, 1, 1, 1, 1, 1, 1, 1])
(homekeeping, [1])
(homely, [1, 1])
(honest, [1, 1])
(honesty, [1])
(honey, [1])
(honour, [1, 1, 1, 1, 1, 1, 1, 1, 1])
(honour'd, [1])
(honourable, [1, 1])
(honourable;, [1])
(hood, [1])
(hooks, [1])
(hope, [1, 1, 1, 1, 1])
(hopes, [1])
(hopes;, [1])
(horns, [1, 1])
(horse, [1, 1, 1])
(hose, [1, 1, 1])
(host, [1, 1, 1, 1, 1, 1, 1, 1, 1, 1, 1, 1, 1, 1, 1, 1, 1, 1, 1, 1])
(hostess, [1])
(hot, [1, 1])
(hour, [1, 1, 1, 1, 1, 1])
(hours, [1, 1])
(house, [1, 1, 1, 1, 1, 1, 1])
(how, [1, 1, 1, 1, 1, 1, 1, 1, 1, 1, 1, 1, 1, 1, 1, 1, 1, 1, 1, 1, 1, 1, 1, 1, 1, 1, 1, 1, 1, 1, 1, 1, 1, 1, 1, 1, 1, 1, 1, 1, 1, 1, 1, 1, 1, 1, 1, 1, 1, 1, 1, 1, 1, 1, 1, 1, 1, 1, 1, 1, 1, 1, 1, 1, 1, 1, 1, 1, 1, 1, 1])
(however, [1])
(howling, [1])
(huge, [1, 1])
(humble, [1])
(humbled, [1, 1])
(hundred, [1])
(hungry, [1])
(hunts, [1])
(i, [1, 1, 1, 1, 1, 1, 1, 1, 1, 1, 1, 1, 1, 1, 1, 1, 1, 1, 1, 1, 1, 1, 1, 1, 1, 1, 1, 1, 1, 1, 1, 1, 1, 1, 1, 1, 1, 1, 1, 1, 1, 1, 1, 1, 1, 1, 1, 1, 1, 1, 1, 1, 1, 1, 1, 1, 1, 1, 1, 1, 1, 1, 1, 1, 1, 1, 1, 1, 1, 1, 1, 1, 1, 1, 1, 1, 1, 1, 1, 1, 1, 1, 1, 1, 1, 1, 1, 1, 1, 1, 1, 1, 1, 1, 1, 1, 1, 1, 1, 1, 1, 1, 1, 1, 1, 1, 1, 1, 1, 1, 1, 1, 1, 1, 1, 1, 1, 1, 1, 1, 1, 1, 1, 1, 1, 1, 1, 1, 1, 1, 1, 1, 1, 1, 1, 1, 1, 1, 1, 1, 1, 1, 1, 1, 1, 1, 1, 1, 1, 1, 1, 1, 1, 1, 1, 1, 1, 1, 1, 1, 1, 1, 1, 1, 1, 1, 1, 1, 1, 1, 1, 1, 1, 1, 1, 1, 1, 1, 1, 1, 1, 1, 1, 1, 1, 1, 1, 1, 1, 1, 1, 1, 1, 1, 1, 1, 1, 1, 1, 1, 1, 1, 1, 1, 1, 1, 1, 1, 1, 1, 1, 1, 1, 1, 1, 1, 1, 1, 1, 1, 1, 1, 1, 1, 1, 1, 1, 1, 1, 1, 1, 1, 1, 1, 1, 1, 1, 1, 1, 1, 1, 1, 1, 1, 1, 1, 1, 1, 1, 1, 1, 1, 1, 1, 1, 1, 1, 1, 1, 1, 1, 1, 1, 1, 1, 1, 1, 1, 1, 1, 1, 1, 1, 1, 1, 1, 1, 1, 1, 1, 1, 1, 1, 1, 1, 1, 1, 1, 1, 1, 1, 1, 1, 1, 1, 1, 1, 1, 1, 1, 1, 1, 1, 1, 1, 1, 1, 1, 1, 1, 1, 1, 1, 1, 1, 1, 1, 1, 1, 1, 1, 1, 1, 1, 1, 1, 1, 1, 1, 1, 1, 1, 1, 1, 1, 1, 1, 1, 1, 1, 1, 1, 1, 1, 1, 1, 1, 1, 1, 1, 1, 1, 1, 1, 1, 1, 1, 1, 1, 1, 1, 1, 1, 1, 1, 1, 1, 1, 1, 1, 1, 1, 1, 1, 1, 1, 1, 1, 1, 1, 1, 1, 1, 1, 1, 1, 1, 1, 1, 1, 1, 1, 1, 1, 1, 1, 1, 1, 1, 1, 1, 1, 1, 1, 1, 1, 1, 1, 1, 1, 1, 1, 1, 1, 1, 1, 1, 1, 1, 1, 1, 1, 1, 1, 1, 1, 1, 1, 1, 1, 1, 1, 1, 1, 1, 1, 1, 1, 1, 1, 1, 1, 1, 1, 1, 1, 1, 1, 1, 1, 1, 1, 1, 1, 1, 1, 1, 1, 1, 1, 1, 1, 1, 1, 1, 1, 1, 1, 1, 1, 1, 1, 1, 1, 1, 1, 1, 1, 1, 1, 1, 1, 1, 1, 1, 1, 1, 1, 1, 1, 1, 1, 1, 1, 1, 1, 1, 1, 1, 1, 1, 1, 1, 1, 1, 1, 1, 1, 1, 1, 1, 1, 1, 1, 1, 1, 1, 1, 1, 1, 1, 1, 1, 1, 1, 1, 1, 1, 1, 1, 1, 1, 1, 1, 1, 1, 1, 1, 1, 1, 1, 1, 1, 1, 1, 1, 1, 1, 1, 1, 1, 1])
(i', [1])
(i'll, [1, 1, 1, 1, 1, 1, 1, 1, 1, 1, 1, 1, 1, 1, 1, 1, 1, 1, 1, 1, 1, 1, 1, 1, 1, 1, 1, 1, 1, 1, 1, 1, 1, 1, 1, 1, 1, 1, 1, 1, 1, 1, 1, 1, 1, 1])
(i;, [1, 1, 1])
(ice, [1])
(idle, [1, 1])
(idleness, [1])
(idol, [1, 1])
(idolatry, [1])
(if, [1, 1, 1, 1, 1, 1, 1, 1, 1, 1, 1, 1, 1, 1, 1, 1, 1, 1, 1, 1, 1, 1, 1, 1, 1, 1, 1, 1, 1, 1, 1, 1, 1, 1, 1, 1, 1, 1, 1, 1, 1, 1, 1, 1, 1, 1, 1, 1, 1, 1, 1, 1, 1, 1, 1, 1, 1, 1, 1, 1, 1, 1, 1, 1, 1, 1, 1, 1, 1, 1, 1, 1, 1, 1, 1, 1, 1, 1, 1, 1, 1, 1, 1, 1])
(ignorant, [1, 1, 1, 1])
(ii, [1, 1, 1, 1, 1, 1])
(iii, [1, 1, 1, 1, 1])
(ill, [1, 1, 1])
(illfavour'd, [1])
(illiterate, [1])
(illumined, [1])
(ilvia, [1])
(image, [1])
(immaculate, [1])
(immodest, [1])
(impatient, [1])
(impatiently, [1])
(impeachment, [1])
(imperial, [1])
(imperious, [1])
(import, [1])
(importunacy, [1])
(importune, [1, 1, 1])
(impose, [1])
(impossible, [1])
(impress, [1])
(impression, [1])
(imprimis, [1, 1])
(in, [1, 1, 1, 1, 1, 1, 1, 1, 1, 1, 1, 1, 1, 1, 1, 1, 1, 1, 1, 1, 1, 1, 1, 1, 1, 1, 1, 1, 1, 1, 1, 1, 1, 1, 1, 1, 1, 1, 1, 1, 1, 1, 1, 1, 1, 1, 1, 1, 1, 1, 1, 1, 1, 1, 1, 1, 1, 1, 1, 1, 1, 1, 1, 1, 1, 1, 1, 1, 1, 1, 1, 1, 1, 1, 1, 1, 1, 1, 1, 1, 1, 1, 1, 1, 1, 1, 1, 1, 1, 1, 1, 1, 1, 1, 1, 1, 1, 1, 1, 1, 1, 1, 1, 1, 1, 1, 1, 1, 1, 1, 1, 1, 1, 1, 1, 1, 1, 1, 1, 1, 1, 1, 1, 1, 1, 1, 1, 1, 1, 1, 1, 1, 1, 1, 1, 1, 1, 1, 1, 1, 1, 1, 1, 1, 1, 1, 1, 1, 1, 1, 1, 1, 1, 1, 1, 1, 1, 1, 1, 1, 1, 1, 1, 1, 1, 1, 1, 1, 1, 1, 1, 1, 1, 1, 1, 1])
(include, [1])
(inconstancy, [1])
(indeed, [1, 1, 1, 1, 1, 1, 1, 1, 1, 1, 1, 1])
(indifferent, [1])
(industry, [1])
(infamy, [1])
(infancy, [1])
(infinite, [1, 1])
(influence, [1])
(ingratitude, [1])
(inhabit, [1])
(inhabits, [1, 1])
(inherit, [1])
(injurious, [1])
(ink, [1, 1])
(inly, [1])
(inquire, [1])
(inscrutable, [1])
(instance, [1])
(instances, [1])
(instruments, [1])
(integrity, [1])
(intend, [1, 1, 1])
(intended, [1])
(intends, [1, 1])
(intercept, [1])
(intercession, [1])
(interest, [1])
(interpeter, [1])
(interpret, [1])
(into, [1, 1, 1, 1, 1, 1, 1, 1, 1])
(intruder, [1])
(invisible, [1])
(inward, [1])
(is, [1, 1, 1, 1, 1, 1, 1, 1, 1, 1, 1, 1, 1, 1, 1, 1, 1, 1, 1, 1, 1, 1, 1, 1, 1, 1, 1, 1, 1, 1, 1, 1, 1, 1, 1, 1, 1, 1, 1, 1, 1, 1, 1, 1, 1, 1, 1, 1, 1, 1, 1, 1, 1, 1, 1, 1, 1, 1, 1, 1, 1, 1, 1, 1, 1, 1, 1, 1, 1, 1, 1, 1, 1, 1, 1, 1, 1, 1, 1, 1, 1, 1, 1, 1, 1, 1, 1, 1, 1, 1, 1, 1, 1, 1, 1, 1, 1, 1, 1, 1, 1, 1, 1, 1, 1, 1, 1, 1, 1, 1, 1, 1, 1, 1, 1, 1, 1, 1, 1, 1, 1, 1, 1, 1, 1, 1, 1, 1, 1, 1, 1, 1, 1, 1, 1, 1, 1, 1, 1, 1, 1, 1, 1, 1, 1, 1, 1, 1, 1, 1, 1, 1, 1, 1, 1, 1, 1, 1, 1, 1, 1, 1, 1, 1, 1, 1, 1, 1, 1, 1, 1, 1, 1, 1, 1, 1, 1, 1, 1, 1, 1, 1, 1, 1, 1, 1, 1, 1, 1, 1, 1, 1, 1, 1, 1, 1, 1, 1, 1, 1, 1, 1, 1, 1, 1, 1, 1, 1, 1, 1, 1, 1, 1, 1, 1, 1, 1, 1, 1, 1, 1, 1])
(is't, [1, 1])
(islands, [1])
(it, [1, 1, 1, 1, 1, 1, 1, 1, 1, 1, 1, 1, 1, 1, 1, 1, 1, 1, 1, 1, 1, 1, 1, 1, 1, 1, 1, 1, 1, 1, 1, 1, 1, 1, 1, 1, 1, 1, 1, 1, 1, 1, 1, 1, 1, 1, 1, 1, 1, 1, 1, 1, 1, 1, 1, 1, 1, 1, 1, 1, 1, 1, 1, 1, 1, 1, 1, 1, 1, 1, 1, 1, 1, 1, 1, 1, 1, 1, 1, 1, 1, 1, 1, 1, 1, 1, 1, 1, 1, 1, 1, 1, 1, 1, 1, 1, 1, 1, 1, 1, 1, 1, 1, 1, 1, 1, 1, 1, 1, 1, 1, 1, 1, 1, 1, 1, 1, 1, 1, 1, 1, 1, 1, 1, 1, 1, 1, 1, 1, 1, 1, 1, 1, 1, 1, 1, 1, 1, 1, 1, 1, 1, 1, 1, 1, 1, 1, 1, 1, 1, 1, 1, 1, 1, 1, 1, 1, 1, 1, 1, 1, 1, 1, 1, 1, 1, 1, 1, 1, 1, 1, 1, 1, 1, 1, 1, 1])
(it;, [1, 1, 1])
(item, [1, 1, 1, 1, 1, 1, 1, 1, 1, 1, 1, 1, 1, 1, 1, 1, 1, 1])
(itself, [1])
(itself;, [1])
(iv, [1, 1, 1, 1])
(jade, [1])
(jars, [1, 1])
(jealous, [1])
(jealousy, [1])
(jerkin, [1, 1])
(jest, [1, 1, 1])
(jew, [1, 1])
(jewel, [1, 1])
(jewels, [1])
(jolthead, [1])
(journey, [1, 1, 1, 1])
(journeying, [1])
(jove, [1])
(joy, [1, 1, 1, 1, 1])
(judge, [1, 1, 1])
(judged, [1])
(judgment, [1, 1])
(judgments, [1])
(julia, [1, 1, 1, 1, 1, 1, 1, 1, 1, 1, 1, 1, 1, 1, 1, 1, 1, 1, 1, 1, 1, 1, 1, 1, 1, 1, 1, 1, 1, 1, 1, 1, 1, 1, 1, 1, 1, 1, 1, 1, 1, 1, 1, 1, 1, 1, 1, 1, 1, 1, 1, 1, 1, 1, 1, 1, 1, 1, 1, 1, 1, 1, 1, 1, 1, 1, 1, 1, 1, 1, 1, 1, 1, 1, 1, 1, 1, 1, 1, 1, 1, 1, 1, 1, 1, 1, 1, 1, 1, 1, 1, 1, 1, 1, 1, 1, 1, 1, 1, 1, 1, 1, 1, 1, 1, 1, 1, 1, 1, 1, 1, 1, 1, 1, 1, 1, 1, 1, 1, 1, 1, 1, 1, 1, 1, 1, 1, 1, 1, 1, 1, 1, 1, 1, 1, 1, 1, 1, 1, 1, 1, 1, 1, 1, 1, 1])
(julia', [1, 1, 1])
(julla, [1])
(justice, [1])
(keep, [1, 1, 1, 1, 1, 1, 1])
(kept, [1, 1, 1, 1, 1])
(kept;, [1])
(key, [1])
(keys, [1])
(kill, [1, 1, 1])
(kill'd, [1])
(killed, [1])
(kind, [1, 1, 1, 1, 1, 1, 1, 1, 1, 1])
(kindle, [1])
(kindly, [1, 1])
(kindness, [1])
(king, [1, 1, 1])
(kingdoms, [1])
(kiss, [1, 1, 1, 1, 1, 1, 1, 1, 1])
(kiss'd, [1])
(kissed, [1])
(knave, [1, 1])
(knees, [1, 1])
(knew, [1, 1, 1, 1, 1])
(knight, [1])
(knit, [1, 1])
(knit', [1])
(knocked, [1])
(knots, [1])
(know, [1, 1, 1, 1, 1, 1, 1, 1, 1, 1, 1, 1, 1, 1, 1, 1, 1, 1, 1, 1, 1, 1, 1, 1, 1, 1, 1, 1, 1, 1, 1, 1, 1, 1, 1, 1, 1, 1, 1])
(knowest, [1])
(knowing, [1])
(known, [1, 1])
(knows, [1, 1, 1, 1])
(knowt, [1, 1, 1, 1, 1])
(labour, [1, 1, 1])
(laced, [1, 1])
(lacking, [1])
(ladder, [1, 1, 1, 1, 1, 1, 1, 1])
(ladies', [1, 1])
(lady, [1, 1, 1, 1, 1, 1, 1, 1, 1, 1, 1, 1, 1, 1, 1, 1, 1, 1, 1, 1, 1, 1, 1, 1])
(lady;, [1, 1])
(ladyship, [1, 1, 1, 1, 1, 1, 1, 1, 1, 1, 1, 1, 1, 1, 1, 1])
(lambs, [1])
(lamely, [1])
(lament, [1])
(lamentable, [1])
(lamentt, [1])
(lands, [1])
(large, [1])
(large;, [1])
(lascivious, [1])
(last, [1, 1, 1, 1, 1])
(late, [1])
(laughed, [1])
(launce, [1, 1, 1, 1, 1, 1, 1, 1, 1, 1, 1, 1, 1, 1, 1, 1, 1, 1, 1, 1, 1, 1, 1, 1, 1, 1, 1, 1, 1, 1, 1, 1, 1, 1, 1, 1, 1, 1, 1, 1, 1, 1, 1, 1, 1, 1, 1, 1, 1, 1, 1, 1, 1, 1, 1, 1, 1, 1, 1, 1, 1, 1, 1, 1, 1, 1, 1, 1, 1, 1, 1, 1, 1, 1, 1, 1, 1, 1, 1, 1, 1])
(launces, [1])
(laurence, [1])
(law, [1, 1])
(lawless, [1])
(lawlessly, [1])
(lay, [1, 1])
(laying, [1])
(leading, [1])
(leads, [1])
(leagues, [1])
(lean, [1])
(leander, [1, 1])
(learn, [1, 1])
(learn'd, [1])
(learned, [1])
(lease, [1])
(least, [1, 1, 1, 1])
(leave, [1, 1, 1, 1, 1, 1, 1, 1, 1, 1, 1, 1, 1, 1, 1, 1, 1])
(leaves, [1])
(left, [1, 1, 1, 1, 1, 1])
(leg, [1, 1, 1])
(legacy, [1])
(lend, [1, 1, 1, 1])
(length, [1, 1])
(lent, [1])
(less, [1, 1, 1, 1])
(lesser, [1])
(lesson, [1])
(lest, [1, 1, 1, 1, 1, 1])
(let, [1, 1, 1, 1, 1, 1, 1, 1, 1, 1, 1, 1, 1, 1, 1, 1, 1, 1, 1, 1, 1, 1, 1, 1, 1, 1, 1, 1, 1, 1, 1, 1, 1, 1])
(lets, [1])
(letter, [1, 1, 1, 1, 1, 1, 1, 1, 1, 1, 1, 1, 1, 1, 1, 1, 1, 1, 1, 1, 1, 1, 1, 1, 1, 1])
(letter;, [1, 1])
(letters, [1, 1, 1, 1, 1])
(leviathans, [1])
(liberal', [1])
(lie, [1, 1, 1, 1, 1])
(lies, [1])
(lies;, [1])
(liest;, [1])
(lieu, [1])
(life, [1, 1, 1, 1, 1, 1, 1, 1, 1])
(light, [1, 1, 1, 1, 1, 1])
(light;, [1])
(lightly, [1])
(lights, [1])
(like, [1, 1, 1, 1, 1, 1, 1, 1, 1, 1, 1, 1, 1, 1, 1, 1, 1, 1, 1, 1, 1, 1, 1, 1, 1, 1, 1, 1, 1, 1, 1])
(likelihoods, [1])
(likes, [1, 1, 1, 1])
(likest, [1])
(likewise, [1, 1])
(lily, [1])
(lilytincture, [1])
(lime, [1])
(line, [1, 1])
(lines, [1, 1, 1, 1, 1, 1])
(linger, [1])
(linguist, [1])
(lion, [1])
(lions;, [1])
(liquor, [1])
(liquor', [1])
(little, [1, 1, 1, 1, 1, 1, 1, 1, 1, 1, 1])
(live, [1, 1, 1, 1, 1, 1, 1, 1, 1])
(lively, [1])
(liveries, [1])
(lives, [1, 1, 1, 1, 1])
(lives;, [1])
(living, [1, 1, 1])
(lo, [1])
(loath, [1, 1])
(loathes, [1])
(lock'd, [1, 1])
(lodge, [1, 1, 1])
(loiterer, [1])
(loitering, [1])
(long, [1, 1, 1, 1, 1, 1, 1, 1, 1, 1, 1])
(longer, [1, 1, 1, 1, 1])
(longest, [1])
(longing, [1, 1])
(longs, [1])
(look, [1, 1, 1, 1, 1, 1, 1, 1, 1, 1, 1, 1, 1, 1, 1, 1, 1, 1, 1, 1, 1])
(look;, [1])
(looked, [1])
(lookingglass, [1])
(looks, [1, 1, 1, 1, 1])
(loose, [1])
(lord, [1, 1, 1, 1, 1, 1, 1, 1, 1, 1, 1, 1, 1, 1, 1, 1, 1, 1, 1, 1, 1, 1, 1, 1, 1])
(lord;, [1, 1, 1, 1])
(lordship, [1, 1, 1, 1, 1])
(lose, [1, 1, 1, 1, 1, 1, 1, 1, 1, 1, 1, 1, 1, 1, 1])
(losing, [1, 1, 1, 1, 1, 1])
(loss, [1, 1])
(lost, [1, 1, 1, 1])
(lost;, [1])
(lout, [1])
(love, [1, 1, 1, 1, 1, 1, 1, 1, 1, 1, 1, 1, 1, 1, 1, 1, 1, 1, 1, 1, 1, 1, 1, 1, 1, 1, 1, 1, 1, 1, 1, 1, 1, 1, 1, 1, 1, 1, 1, 1, 1, 1, 1, 1, 1, 1, 1, 1, 1, 1, 1, 1, 1, 1, 1, 1, 1, 1, 1, 1, 1, 1, 1, 1, 1, 1, 1, 1, 1, 1, 1, 1, 1, 1, 1, 1, 1, 1, 1, 1, 1, 1, 1, 1, 1, 1, 1, 1, 1, 1, 1, 1, 1, 1, 1, 1, 1, 1, 1, 1, 1, 1, 1, 1, 1, 1, 1, 1, 1, 1, 1, 1, 1, 1, 1, 1, 1, 1, 1, 1, 1, 1, 1, 1, 1, 1, 1, 1, 1, 1, 1, 1, 1, 1, 1, 1, 1, 1, 1, 1, 1, 1, 1, 1, 1, 1, 1, 1, 1, 1, 1, 1])
(love', [1])
(love;, [1, 1, 1, 1, 1, 1, 1, 1, 1, 1, 1])
(loveaffairs, [1])
(lovebook, [1])
(loved, [1, 1, 1, 1, 1, 1, 1, 1, 1])
(loved;, [1])
(loveforce, [1])
(lovely, [1, 1])
(lover, [1, 1, 1, 1, 1, 1, 1])
(lovers, [1, 1, 1])
(loves, [1, 1, 1, 1, 1, 1, 1, 1])
(lovesong, [1])
(lovest, [1, 1, 1, 1, 1, 1])
(lovewounded, [1])
(loving, [1, 1, 1, 1])
(low, [1, 1])
(loyal, [1])
(loyalty, [1])
(lubber, [1])
(lucetta, [1, 1, 1, 1, 1, 1, 1, 1, 1, 1, 1, 1, 1, 1, 1, 1, 1, 1, 1, 1, 1, 1, 1, 1, 1, 1, 1, 1, 1, 1, 1, 1, 1, 1, 1, 1, 1, 1, 1, 1, 1, 1, 1, 1, 1, 1, 1, 1, 1, 1, 1, 1, 1, 1, 1, 1, 1, 1, 1, 1, 1])
(lucetta;, [1])
(lumpish, [1])
(lustily, [1])
(lute, [1])
(lying, [1])
(mad, [1])
(madam, [1, 1, 1, 1, 1, 1, 1, 1, 1, 1, 1, 1, 1, 1, 1, 1, 1, 1, 1, 1, 1, 1, 1, 1, 1, 1, 1, 1, 1, 1, 1, 1, 1, 1, 1, 1, 1, 1, 1, 1, 1, 1])
(madam;, [1, 1, 1, 1, 1])
(madcap, [1])
(made, [1, 1, 1, 1, 1, 1, 1, 1, 1, 1, 1, 1, 1, 1, 1, 1])
(maid, [1, 1, 1, 1, 1, 1, 1, 1])
(maids, [1])
(maintenance, [1])
(make, [1, 1, 1, 1, 1, 1, 1, 1, 1, 1, 1, 1, 1, 1, 1, 1, 1, 1, 1, 1, 1, 1, 1, 1, 1, 1, 1, 1, 1, 1, 1, 1])
(makes, [1, 1, 1, 1, 1, 1, 1, 1, 1, 1, 1, 1, 1, 1, 1, 1])
(makest, [1])
(malady, [1])
(malecontent;, [1])
(malignant, [1])
(man, [1, 1, 1, 1, 1, 1, 1, 1, 1, 1, 1, 1, 1, 1, 1, 1, 1, 1, 1, 1, 1, 1, 1, 1, 1, 1, 1, 1, 1, 1])
(man;, [1])
(manage, [1])
(manfully, [1])
(manner, [1, 1])
(mannerly, [1])
(manners, [1])
(mansion, [1])
(mantua, [1, 1, 1, 1, 1])
(many, [1, 1, 1, 1, 1, 1, 1, 1])
(mar, [1])
(mark, [1, 1])
(marka, [1])
(marketplace, [1])
(marks, [1])
(marriage, [1])
(marriagehour, [1])
(marry, [1, 1, 1, 1, 1, 1, 1, 1, 1, 1, 1, 1, 1, 1])
(mask, [1])
(mask'd, [1])
(master, [1, 1, 1, 1, 1, 1, 1, 1, 1, 1, 1, 1, 1, 1, 1, 1, 1, 1, 1, 1, 1, 1, 1, 1, 1, 1, 1, 1, 1, 1, 1, 1, 1, 1, 1, 1, 1, 1])
(master;, [1, 1])
(masters, [1, 1])
(mastership, [1])
(match, [1, 1, 1, 1, 1, 1])
(mates, [1, 1])
(matter, [1, 1, 1, 1, 1, 1, 1, 1, 1])
(matter;, [1])
(may, [1, 1, 1, 1, 1, 1, 1, 1, 1, 1, 1, 1, 1, 1, 1, 1, 1, 1, 1, 1, 1, 1, 1, 1, 1, 1, 1, 1, 1, 1, 1])
(may't, [1])
(mayst, [1, 1])
(me, [1, 1, 1, 1, 1, 1, 1, 1, 1, 1, 1, 1, 1, 1, 1, 1, 1, 1, 1, 1, 1, 1, 1, 1, 1, 1, 1, 1, 1, 1, 1, 1, 1, 1, 1, 1, 1, 1, 1, 1, 1, 1, 1, 1, 1, 1, 1, 1, 1, 1, 1, 1, 1, 1, 1, 1, 1, 1, 1, 1, 1, 1, 1, 1, 1, 1, 1, 1, 1, 1, 1, 1, 1, 1, 1, 1, 1, 1, 1, 1, 1, 1, 1, 1, 1, 1, 1, 1, 1, 1, 1, 1, 1, 1, 1, 1, 1, 1, 1, 1, 1, 1, 1, 1, 1, 1, 1, 1, 1, 1, 1, 1, 1, 1, 1, 1, 1, 1, 1, 1, 1, 1, 1, 1, 1, 1, 1, 1, 1, 1, 1, 1, 1, 1, 1, 1, 1, 1, 1, 1, 1, 1, 1, 1, 1, 1, 1, 1, 1, 1, 1, 1, 1, 1, 1, 1, 1, 1, 1, 1, 1, 1, 1, 1, 1, 1, 1, 1, 1, 1, 1, 1, 1, 1, 1, 1, 1, 1, 1, 1, 1, 1, 1, 1, 1, 1, 1, 1, 1, 1, 1, 1, 1, 1, 1, 1, 1, 1, 1, 1, 1, 1, 1, 1, 1, 1, 1, 1, 1, 1, 1, 1, 1, 1, 1, 1, 1, 1, 1, 1, 1, 1, 1, 1, 1, 1])
(me;, [1, 1, 1, 1, 1, 1, 1, 1, 1])
(mean, [1, 1, 1, 1, 1, 1, 1, 1, 1, 1, 1, 1, 1, 1])
(meaneth, [1])
(meaning, [1])
(means, [1, 1, 1, 1, 1])
(meant, [1, 1])
(measure, [1, 1])
(meat, [1, 1])
(meed, [1, 1])
(meet, [1, 1, 1, 1, 1, 1, 1, 1, 1])
(melancholy, [1])
(melodious, [1])
(melt, [1])
(melting, [1])
(memory, [1])
(men, [1, 1, 1, 1, 1, 1, 1, 1, 1, 1, 1, 1, 1, 1])
(mended, [1])
(mercatio, [1])
(mercy, [1])
(merit, [1])
(merops', [1])
(merry, [1, 1])
(message, [1, 1, 1])
(messenger, [1, 1, 1, 1, 1])
(messengers, [1])
(met, [1])
(metamorphosed, [1, 1])
(methinks, [1, 1, 1, 1, 1])
(might, [1, 1, 1, 1, 1, 1, 1, 1])
(mighty, [1])
(milan, [1, 1, 1, 1, 1, 1, 1, 1, 1, 1])
(mild, [1])
(milder, [1, 1])
(milk', [1])
(milk;', [1])
(milkmaid;, [1])
(milkwhite, [1])
(million, [1])
(mind, [1, 1, 1, 1, 1, 1, 1, 1, 1, 1, 1, 1, 1])
(minds, [1, 1])
(mine, [1, 1, 1, 1, 1, 1, 1, 1, 1, 1, 1, 1, 1, 1, 1, 1, 1, 1, 1, 1, 1, 1, 1, 1, 1, 1, 1, 1, 1, 1])
(mine;, [1])
(minion, [1, 1])
(minister, [1])
(mirth, [1, 1])
(mischance, [1])
(mischances, [1])
(miserable, [1, 1])
(mistake, [1])
(mistake;, [1, 1])
(mistakest, [1])
(mistook, [1, 1, 1])
(mistress, [1, 1, 1, 1, 1, 1, 1, 1, 1, 1, 1, 1, 1, 1])
(mistress', [1, 1, 1])
(mistress;, [1])
(moan, [1])
(modesty, [1, 1, 1, 1])
(moist, [1])
(moment, [1])
(money, [1, 1])
(mongst, [1])
(monstrous, [1])
(month, [1, 1])
(months, [1])
(mood, [1])
(more, [1, 1, 1, 1, 1, 1, 1, 1, 1, 1, 1, 1, 1, 1, 1, 1, 1, 1, 1, 1, 1, 1, 1, 1, 1, 1, 1, 1, 1, 1, 1, 1, 1, 1, 1, 1, 1, 1, 1, 1, 1, 1, 1, 1, 1, 1, 1, 1, 1, 1])
(more;, [1])
(morehere, [1])
(morn, [1])
(morning, [1, 1])
(morrow, [1, 1, 1, 1])
(mortal, [1])
(most, [1, 1, 1, 1, 1, 1, 1, 1, 1, 1])
(mother, [1, 1, 1, 1, 1])
(motion, [1])
(mount, [1])
(mountainfoot, [1])
(mouth, [1])
(mouth', [1])
(move, [1])
(moved, [1, 1, 1, 1])
(moving, [1])
(movingly, [1])
(moyses, [1])
(much, [1, 1, 1, 1, 1, 1, 1, 1, 1, 1, 1, 1, 1, 1, 1, 1, 1, 1, 1, 1, 1, 1, 1, 1, 1, 1, 1, 1, 1, 1, 1, 1, 1, 1, 1, 1, 1, 1])
(much;, [1])
(murmur, [1])
(muse, [1, 1])
(music, [1, 1, 1, 1, 1, 1, 1, 1, 1, 1, 1])
(musician, [1])
(musicians, [1, 1])
(musing, [1])
(must, [1, 1, 1, 1, 1, 1, 1, 1, 1, 1, 1, 1, 1, 1, 1, 1, 1, 1, 1, 1, 1, 1, 1, 1, 1, 1, 1, 1])
(mutton, [1, 1, 1, 1])
(muttons, [1])
(mutual, [1])
(my, [1, 1, 1, 1, 1, 1, 1, 1, 1, 1, 1, 1, 1, 1, 1, 1, 1, 1, 1, 1, 1, 1, 1, 1, 1, 1, 1, 1, 1, 1, 1, 1, 1, 1, 1, 1, 1, 1, 1, 1, 1, 1, 1, 1, 1, 1, 1, 1, 1, 1, 1, 1, 1, 1, 1, 1, 1, 1, 1, 1, 1, 1, 1, 1, 1, 1, 1, 1, 1, 1, 1, 1, 1, 1, 1, 1, 1, 1, 1, 1, 1, 1, 1, 1, 1, 1, 1, 1, 1, 1, 1, 1, 1, 1, 1, 1, 1, 1, 1, 1, 1, 1, 1, 1, 1, 1, 1, 1, 1, 1, 1, 1, 1, 1, 1, 1, 1, 1, 1, 1, 1, 1, 1, 1, 1, 1, 1, 1, 1, 1, 1, 1, 1, 1, 1, 1, 1, 1, 1, 1, 1, 1, 1, 1, 1, 1, 1, 1, 1, 1, 1, 1, 1, 1, 1, 1, 1, 1, 1, 1, 1, 1, 1, 1, 1, 1, 1, 1, 1, 1, 1, 1, 1, 1, 1, 1, 1, 1, 1, 1, 1, 1, 1, 1, 1, 1, 1, 1, 1, 1, 1, 1, 1, 1, 1, 1, 1, 1, 1, 1, 1, 1, 1, 1, 1, 1, 1, 1, 1, 1, 1, 1, 1, 1, 1, 1, 1, 1, 1, 1, 1, 1, 1, 1, 1, 1, 1, 1, 1, 1, 1, 1, 1, 1, 1, 1, 1, 1, 1, 1, 1, 1, 1, 1, 1, 1, 1, 1, 1, 1, 1, 1, 1, 1, 1, 1, 1, 1, 1, 1, 1, 1, 1, 1, 1, 1, 1, 1, 1, 1, 1, 1, 1, 1, 1, 1, 1])
(myself, [1, 1, 1, 1, 1, 1, 1, 1, 1, 1, 1, 1, 1, 1, 1, 1, 1, 1, 1, 1])
(myself;, [1, 1, 1, 1, 1])
(nail, [1])
(naked, [1])
(name, [1, 1, 1, 1, 1, 1, 1, 1, 1, 1, 1, 1])
(nameless, [1, 1])
(names, [1, 1, 1])
(nan, [1])
(nature, [1])
(nay, [1, 1, 1, 1, 1, 1, 1, 1, 1, 1, 1, 1, 1, 1, 1, 1, 1, 1, 1, 1, 1, 1, 1, 1])
(ne'er, [1, 1, 1])
(near, [1, 1, 1, 1])
(neat, [1])
(necessaries, [1])
(necessity, [1])
(nectar, [1])
(need, [1, 1, 1, 1, 1, 1])
(needs, [1, 1, 1, 1])
(needt, [1])
(neglect, [1, 1, 1])
(neither, [1, 1, 1, 1, 1, 1, 1])
(nephew, [1])
(never, [1, 1, 1, 1, 1, 1, 1, 1, 1, 1, 1, 1, 1, 1, 1])
(new, [1, 1])
(newer, [1])
(newfound, [1])
(news, [1, 1, 1, 1, 1, 1, 1, 1, 1, 1, 1])
(next, [1, 1, 1, 1])
(nice, [1])
(nicholas, [1])
(nick, [1])
(night, [1, 1, 1, 1, 1, 1, 1, 1, 1, 1, 1, 1])
(night;, [1])
(nightingale, [1])
(nightingale;, [1])
(nightly, [1, 1, 1])
(nights, [1])
(nimblefooted, [1])
(no, [1, 1, 1, 1, 1, 1, 1, 1, 1, 1, 1, 1, 1, 1, 1, 1, 1, 1, 1, 1, 1, 1, 1, 1, 1, 1, 1, 1, 1, 1, 1, 1, 1, 1, 1, 1, 1, 1, 1, 1, 1, 1, 1, 1, 1, 1, 1, 1, 1, 1, 1, 1, 1, 1, 1, 1, 1, 1, 1, 1, 1, 1, 1, 1, 1, 1, 1, 1, 1, 1, 1, 1, 1, 1, 1])
(no', [1, 1])
(no;, [1, 1, 1, 1])
(noble, [1])
(noblemen, [1])
(nobleness, [1])
(nod, [1])
(nod;, [1])
(nodaywhy, [1])
(nodding, [1])
(noddy, [1, 1])
(noddy', [1])
(none, [1, 1, 1, 1, 1])
(none;, [1])
(nooks, [1])
(nor, [1, 1, 1, 1, 1, 1, 1, 1, 1, 1, 1])
(northgate, [1, 1])
(nose, [1])
(not, [1, 1, 1, 1, 1, 1, 1, 1, 1, 1, 1, 1, 1, 1, 1, 1, 1, 1, 1, 1, 1, 1, 1, 1, 1, 1, 1, 1, 1, 1, 1, 1, 1, 1, 1, 1, 1, 1, 1, 1, 1, 1, 1, 1, 1, 1, 1, 1, 1, 1, 1, 1, 1, 1, 1, 1, 1, 1, 1, 1, 1, 1, 1, 1, 1, 1, 1, 1, 1, 1, 1, 1, 1, 1, 1, 1, 1, 1, 1, 1, 1, 1, 1, 1, 1, 1, 1, 1, 1, 1, 1, 1, 1, 1, 1, 1, 1, 1, 1, 1, 1, 1, 1, 1, 1, 1, 1, 1, 1, 1, 1, 1, 1, 1, 1, 1, 1, 1, 1, 1, 1, 1, 1, 1, 1, 1, 1, 1, 1, 1, 1, 1, 1, 1, 1, 1, 1, 1, 1, 1, 1, 1, 1, 1, 1, 1, 1, 1, 1, 1, 1, 1, 1, 1, 1, 1, 1, 1, 1, 1, 1, 1, 1, 1, 1, 1, 1, 1, 1, 1, 1, 1, 1, 1, 1, 1, 1, 1, 1, 1, 1, 1, 1, 1, 1, 1, 1, 1, 1, 1, 1, 1, 1, 1, 1, 1, 1])
(not;, [1, 1, 1, 1])
(notable, [1, 1])
(note, [1, 1])
(notes, [1])
(noteworthy, [1])
(nothing, [1, 1, 1, 1, 1, 1, 1, 1, 1, 1, 1, 1, 1, 1, 1, 1, 1])
(nothing;, [1])
(notice, [1])
(notwithstanding, [1])
(nought, [1, 1])
(nought;, [1])
(nourished, [1])
(now, [1, 1, 1, 1, 1, 1, 1, 1, 1, 1, 1, 1, 1, 1, 1, 1, 1, 1, 1, 1, 1, 1, 1, 1, 1, 1, 1, 1, 1, 1, 1, 1, 1, 1, 1, 1, 1, 1, 1, 1, 1, 1, 1, 1, 1, 1, 1, 1, 1, 1, 1, 1, 1, 1, 1, 1, 1, 1, 1, 1, 1, 1, 1, 1, 1, 1, 1, 1, 1, 1, 1, 1, 1, 1, 1])
(now;, [1])
(nurse, [1, 1])
(nymph, [1])
(o, [1, 1, 1, 1, 1, 1, 1, 1, 1, 1, 1, 1, 1, 1, 1, 1, 1, 1, 1, 1, 1, 1, 1, 1, 1, 1, 1, 1, 1, 1, 1, 1, 1, 1, 1, 1, 1, 1, 1, 1, 1, 1, 1])
(o', [1])
(o'clock, [1])
(o'er;, [1])
(o'erlooked, [1])
(o'ernight, [1])
(o'erslips, [1])
(oars, [1])
(oath, [1, 1])
(oaths, [1, 1, 1, 1, 1])
(oaths;, [1, 1])
(obdurate, [1])
(object, [1, 1, 1])
(observed, [1])
(obtain, [1])
(obtaining, [1])
(ocean, [1, 1])
(oddconceited, [1])
(of, [1, 1, 1, 1, 1, 1, 1, 1, 1, 1, 1, 1, 1, 1, 1, 1, 1, 1, 1, 1, 1, 1, 1, 1, 1, 1, 1, 1, 1, 1, 1, 1, 1, 1, 1, 1, 1, 1, 1, 1, 1, 1, 1, 1, 1, 1, 1, 1, 1, 1, 1, 1, 1, 1, 1, 1, 1, 1, 1, 1, 1, 1, 1, 1, 1, 1, 1, 1, 1, 1, 1, 1, 1, 1, 1, 1, 1, 1, 1, 1, 1, 1, 1, 1, 1, 1, 1, 1, 1, 1, 1, 1, 1, 1, 1, 1, 1, 1, 1, 1, 1, 1, 1, 1, 1, 1, 1, 1, 1, 1, 1, 1, 1, 1, 1, 1, 1, 1, 1, 1, 1, 1, 1, 1, 1, 1, 1, 1, 1, 1, 1, 1, 1, 1, 1, 1, 1, 1, 1, 1, 1, 1, 1, 1, 1, 1, 1, 1, 1, 1, 1, 1, 1, 1, 1, 1, 1, 1, 1, 1, 1, 1, 1, 1, 1, 1, 1, 1, 1, 1, 1, 1, 1, 1, 1, 1, 1, 1, 1, 1, 1, 1, 1, 1, 1, 1, 1, 1, 1, 1, 1, 1, 1, 1, 1, 1, 1, 1, 1, 1, 1, 1, 1, 1, 1, 1, 1, 1, 1, 1, 1, 1, 1, 1, 1, 1, 1, 1, 1, 1, 1, 1, 1, 1, 1, 1, 1, 1])
(of', [1])
(of;, [1, 1, 1])
(off, [1, 1, 1])
(off;, [1, 1])
(offence, [1, 1])
(offer, [1, 1])
(offer'd, [1, 1])
(offered, [1])
(office, [1, 1, 1])
(officer, [1])
(oft, [1, 1, 1])
(often, [1, 1, 1, 1, 1, 1, 1])
(oftentimes, [1])
(old, [1, 1])
(old;, [1])
(omitting, [1])
(on, [1, 1, 1, 1, 1, 1, 1, 1, 1, 1, 1, 1, 1, 1, 1, 1, 1, 1, 1, 1, 1, 1, 1, 1, 1, 1, 1, 1, 1, 1, 1, 1, 1, 1, 1, 1, 1, 1, 1, 1, 1, 1, 1, 1, 1, 1, 1, 1, 1, 1, 1, 1, 1, 1, 1, 1, 1, 1, 1, 1, 1, 1, 1, 1, 1, 1])
(on't, [1])
(once, [1, 1, 1, 1, 1, 1, 1])
(one, [1, 1, 1, 1, 1, 1, 1, 1, 1, 1, 1, 1, 1, 1, 1, 1, 1, 1, 1, 1, 1, 1, 1, 1, 1, 1, 1, 1, 1, 1, 1, 1, 1, 1, 1, 1, 1, 1, 1, 1, 1, 1, 1, 1, 1, 1, 1, 1, 1, 1, 1])
(only, [1, 1, 1, 1, 1])
(onset, [1])
(open, [1, 1, 1])
(opinion, [1, 1])
(opposes, [1])
(or, [1, 1, 1, 1, 1, 1, 1, 1, 1, 1, 1, 1, 1, 1, 1, 1, 1, 1, 1, 1, 1, 1, 1, 1, 1, 1, 1, 1, 1])
(oracles, [1])
(orderly;, [1])
(ornament, [1])
(orpheus', [1])
(other, [1, 1, 1, 1, 1, 1, 1, 1])
(otherwise, [1, 1, 1])
(ought, [1])
(our, [1, 1, 1, 1, 1, 1, 1, 1, 1, 1, 1, 1, 1, 1, 1, 1, 1, 1, 1, 1, 1, 1, 1, 1, 1, 1, 1, 1, 1, 1, 1, 1, 1, 1])
(ourselves, [1])
(out, [1, 1, 1, 1, 1, 1, 1, 1, 1, 1, 1, 1, 1, 1, 1, 1, 1, 1, 1, 1, 1, 1, 1, 1, 1, 1])
(out', [1])
(outlaw, [1, 1, 1, 1, 1, 1, 1, 1, 1, 1, 1, 1, 1, 1, 1, 1, 1, 1, 1, 1, 1, 1, 1, 1, 1, 1, 1, 1, 1])
(outlaws, [1, 1, 1, 1])
(outrages, [1, 1])
(outrun, [1])
(outside, [1])
(over, [1, 1, 1, 1, 1, 1, 1])
(overcharged, [1])
(overtake, [1])
(overtaketh, [1])
(overweening, [1])
(owe, [1])
(own, [1, 1, 1, 1, 1, 1, 1, 1, 1, 1, 1, 1, 1])
(pack, [1])
(page, [1, 1])
(page;, [1])
(pageants, [1])
(paid, [1])
(paid;, [1])
(pains, [1, 1, 1, 1, 1])
(pains', [1])
(painted, [1, 1, 1])
(painter, [1])
(pair, [1, 1])
(palace, [1, 1, 1, 1, 1, 1, 1])
(pale, [1, 1])
(panthino, [1, 1, 1, 1, 1, 1, 1, 1, 1, 1, 1, 1, 1, 1, 1, 1, 1, 1, 1, 1, 1])
(paper, [1, 1, 1, 1, 1, 1, 1, 1, 1])
(papers, [1, 1])
(parable, [1])
(paragon, [1])
(pardon, [1, 1, 1, 1, 1, 1, 1])
(parle, [1])
(parley, [1])
(part, [1, 1, 1, 1, 1])
(partaker, [1])
(parted, [1, 1, 1])
(parting, [1, 1])
(parting;, [1])
(partly, [1, 1])
(partner, [1])
(parts, [1])
(pass, [1, 1])
(passenger, [1, 1])
(passengers, [1])
(passing, [1, 1, 1])
(passion, [1])
(passionate, [1])
(passioning, [1])
(past, [1])
(pastime, [1])
(pasture, [1])
(patience, [1, 1, 1, 1])
(patient, [1])
(patient;, [1])
(patiently, [1])
(patrick, [1, 1, 1])
(pawn, [1, 1])
(peace, [1, 1, 1, 1, 1, 1, 1])
(pearl, [1, 1])
(pearls, [1, 1, 1])
(peasant, [1, 1])
(pebble, [1])
(peevish, [1, 1])
(penance, [1, 1, 1, 1])
(pence, [1])
(penetrate, [1])
(penitence, [1])
(penitential, [1])
(pentecost, [1])
(peopled, [1])
(perceive, [1, 1, 1, 1, 1, 1, 1, 1])
(perceived, [1, 1])
(perchance, [1])
(peremptory, [1])
(perfect, [1, 1, 1, 1])
(perfected, [1])
(perfection, [1, 1, 1, 1, 1])
(perfections, [1])
(perhaps, [1])
(period, [1])
(perish, [1])
(periwig, [1])
(perjured, [1, 1, 1])
(perjury, [1, 1, 1])
(perjury;, [1])
(perplexity, [1])
(persevers, [1])
(person, [1])
(persuade, [1])
(persuaded, [1])
(persuasion, [1])
(peruse, [1, 1])
(perversely, [1])
(pestilence;, [1])
(petty, [1])
(phaetonfor, [1])
(physician, [1])
(picture, [1, 1, 1, 1, 1, 1, 1])
(pilgrim, [1])
(pilgrimage, [1])
(pillory, [1])
(pills, [1])
(pin, [1, 1])
(pinch'd, [1])
(pined, [1])
(pinfold, [1])
(pins, [1])
(pissing, [1])
(pities, [1])
(pity, [1, 1, 1, 1, 1, 1, 1, 1, 1])
(place, [1, 1, 1, 1])
(placed, [1])
(plagues, [1])
(plain, [1])
(play, [1, 1, 1, 1, 1])
(play'd, [1, 1])
(plays, [1, 1])
(plead, [1, 1, 1, 1])
(please, [1, 1, 1, 1, 1, 1, 1, 1, 1, 1, 1, 1, 1, 1, 1])
(pleased, [1, 1, 1])
(pleasure, [1, 1])
(plot, [1, 1])
(plotted, [1])
(pluck, [1])
(plural, [1])
(poesy, [1])
(poets', [1])
(poor, [1, 1, 1, 1, 1, 1, 1, 1, 1, 1, 1])
(possess'd, [1])
(possession, [1])
(possessions, [1, 1, 1])
(possible, [1])
(possibly, [1])
(post, [1, 1])
(postern, [1])
(potentates;, [1])
(pound, [1, 1, 1])
(pounda, [1])
(power, [1, 1])
(pox, [1])
(practise, [1, 1])
(practises, [1])
(practising, [1])
(praise, [1, 1, 1, 1])
(praised, [1])
(praises, [1, 1])
(praising, [1])
(pray, [1, 1, 1, 1, 1, 1, 1, 1, 1, 1, 1, 1, 1, 1, 1, 1, 1, 1])
(prayers, [1])
(precious, [1])
(precisely, [1])
(prefer, [1, 1, 1])
(preferment, [1])
(preferr'd, [1])
(presence, [1, 1])
(present, [1, 1, 1, 1, 1])
(presently, [1, 1, 1, 1, 1, 1, 1, 1, 1, 1, 1, 1])
(presently;, [1, 1])
(press, [1])
(presume, [1])
(pretence, [1])
(pretended, [1])
(prettily, [1])
(pretty, [1, 1])
(prevail'd, [1])
(prevail'd;, [1])
(prevent, [1])
(pricks, [1])
(pride, [1])
(prime, [1])
(prince, [1])
(principality, [1])
(print, [1, 1])
(prison, [1])
(prisoners, [1])
(private, [1])
(privilege, [1])
(privy, [1])
(prize, [1, 1, 1])
(proceed, [1, 1])
(proceed;, [1])
(proceeding, [1, 1])
(proceedings, [1])
(proclamation, [1, 1])
(prodigious, [1])
(profaned, [1])
(profferer, [1])
(promise, [1])
(promised, [1])
(proof, [1])
(proper, [1])
(proportion, [1])
(protest, [1, 1])
(protestation, [1])
(protestations, [1])
(proteus, [1, 1, 1, 1, 1, 1, 1, 1, 1, 1, 1, 1, 1, 1, 1, 1, 1, 1, 1, 1, 1, 1, 1, 1, 1, 1, 1, 1, 1, 1, 1, 1, 1, 1, 1, 1, 1, 1, 1, 1, 1, 1, 1, 1, 1, 1, 1, 1, 1, 1, 1, 1, 1, 1, 1, 1, 1, 1, 1, 1, 1, 1, 1, 1, 1, 1, 1, 1, 1, 1, 1, 1, 1, 1, 1, 1, 1, 1, 1, 1, 1, 1, 1, 1, 1, 1, 1, 1, 1, 1, 1, 1, 1, 1, 1, 1, 1, 1, 1, 1, 1, 1, 1, 1, 1, 1, 1, 1, 1, 1, 1, 1, 1, 1, 1, 1, 1, 1, 1, 1, 1, 1, 1, 1, 1, 1, 1, 1, 1, 1, 1, 1, 1, 1, 1, 1, 1, 1, 1, 1, 1, 1, 1, 1, 1, 1, 1, 1, 1, 1, 1, 1, 1, 1, 1, 1, 1, 1, 1, 1, 1, 1, 1, 1, 1, 1, 1, 1, 1, 1, 1, 1, 1, 1, 1, 1, 1, 1, 1, 1, 1, 1, 1, 1, 1, 1, 1, 1, 1, 1, 1, 1, 1, 1, 1, 1, 1, 1, 1, 1, 1, 1, 1, 1, 1, 1, 1, 1, 1, 1, 1, 1])
(proteus', [1, 1, 1])
(proteus;, [1])
(proud, [1, 1])
(proud', [1])
(prove, [1, 1, 1, 1, 1, 1, 1, 1])
(proverb, [1])
(proves, [1, 1])
(provide, [1])
(provided, [1, 1])
(provokes, [1])
(publisher, [1])
(puddings, [1])
(puling, [1])
(pulling, [1])
(punish'd, [1])
(pupil, [1])
(puppet, [1])
(puppy;, [1])
(pure, [1, 1, 1, 1, 1, 1])
(purpose, [1, 1])
(purposed, [1])
(purposefor, [1])
(purse, [1, 1, 1])
(purse;, [1])
(put, [1, 1, 1, 1])
(quaintly, [1, 1])
(qualify, [1])
(qualities, [1, 1, 1])
(quality, [1])
(queen, [1])
(quell, [1])
(quench, [1, 1])
(quick, [1, 1, 1])
(quickly, [1, 1, 1])
(quips, [1])
(quite, [1])
(quote, [1, 1])
(quoth, [1, 1, 1])
(rage, [1])
(rage;, [1])
(ragged, [1])
(raging, [1])
(rail'd, [1])
(raiment, [1])
(rake, [1])
(random, [1])
(ransom, [1])
(rare, [1, 1])
(rashness, [1])
(rather, [1, 1, 1, 1, 1, 1])
(ravel, [1])
(reach, [1, 1])
(read, [1, 1, 1, 1, 1, 1, 1])
(readiness, [1])
(reading, [1, 1])
(reads, [1, 1])
(ready, [1])
(reason, [1, 1, 1, 1, 1, 1, 1, 1])
(reason;, [1])
(reasoning, [1])
(reasonless, [1])
(recall'd, [1])
(receive, [1, 1])
(received, [1, 1])
(receives, [1])
(receiving, [1])
(recking, [1])
(reckless, [1])
(reckon, [1])
(record, [1])
(recourse, [1])
(recover, [1])
(reenter, [1, 1, 1, 1])
(reformed, [1])
(refused, [1])
(regard, [1, 1])
(regarded, [1])
(regarding, [1])
(rehearse, [1, 1])
(reigns, [1])
(rejoice, [1])
(relish, [1])
(relying, [1])
(remedy, [1])
(remember, [1, 1])
(remembering, [1])
(remembrance, [1, 1])
(remission, [1])
(remnant, [1])
(remorseful, [1])
(rend, [1])
(repair, [1, 1])
(repeal, [1, 1])
(repeat, [1])
(repent, [1])
(repent;, [1])
(repentance, [1])
(reply;, [1])
(report, [1, 1])
(reportest, [1])
(repose, [1])
(repulse, [1])
(reputation, [1])
(reputation;, [1])
(repute, [1])
(reputed, [1])
(request, [1, 1])
(request;, [1])
(requital, [1])
(requite, [1])
(rescue, [1, 1])
(resembleth, [1])
(resolved, [1, 1, 1])
(resort, [1, 1, 1, 1])
(respect, [1, 1, 1, 1])
(respective, [1])
(respects, [1, 1, 1])
(rest, [1, 1, 1, 1, 1, 1, 1, 1])
(return, [1, 1, 1, 1, 1, 1, 1])
(revenge, [1, 1])
(revenged, [1])
(revolt, [1])
(rewards, [1])
(rhyme, [1])
(rhymes, [1])
(rhyming, [1])
(rich, [1, 1, 1])
(riches, [1])
(rifle, [1])
(right, [1])
(ring, [1, 1, 1, 1, 1, 1, 1, 1, 1, 1, 1])
(ripe;, [1])
(rising, [1])
(rival, [1, 1])
(river, [1])
(road, [1, 1])
(robbing;, [1])
(robin, [1])
(robinredbreast;, [1])
(rock, [1])
(rocks, [1])
(rod, [1])
(root, [1, 1])
(roses, [1])
(rough, [1])
(round, [1])
(rounder, [1])
(royal, [1, 1])
(rude, [1])
(ruffian, [1])
(ruinous, [1])
(ruled, [1])
(ruminate, [1])
(run, [1, 1, 1, 1, 1])
(sacred, [1])
(sacrifice, [1])
(sad, [1, 1, 1, 1])
(sadder, [1])
(sadly, [1])
(safe, [1])
(said, [1, 1, 1, 1, 1, 1, 1])
(saint, [1, 1])
(sake, [1, 1, 1, 1, 1, 1, 1, 1, 1, 1, 1])
(salt, [1, 1])
(salt;, [1])
(salute, [1])
(same, [1, 1, 1, 1, 1, 1, 1, 1, 1, 1, 1])
(sand, [1])
(sands, [1, 1])
(sat, [1])
(satisfied, [1])
(saucy, [1])
(save, [1, 1])
(saved, [1])
(saw, [1, 1, 1, 1, 1])
(say, [1, 1, 1, 1, 1, 1, 1, 1, 1, 1, 1, 1, 1, 1, 1, 1, 1, 1, 1, 1, 1, 1, 1, 1, 1, 1, 1, 1, 1, 1, 1, 1, 1, 1, 1])
(say;, [1])
(sayest, [1, 1])
(saying, [1, 1])
(says, [1, 1, 1, 1, 1, 1, 1, 1, 1, 1, 1, 1])
(sayt, [1, 1])
(scale, [1])
(scalp, [1])
(scandalized, [1])
(scarce, [1, 1])
(scene, [1, 1, 1, 1, 1, 1, 1, 1, 1, 1, 1, 1, 1, 1, 1, 1, 1, 1, 1, 1])
(schoolboy, [1])
(scorn, [1, 1, 1, 1])
(scorns, [1])
(scour', [1])
(scoured, [1])
(scratch, [1])
(scratch'd, [1])
(scribe, [1])
(sea, [1, 1, 1, 1, 1])
(seal, [1, 1, 1])
(search, [1])
(seas, [1])
(sebastian, [1, 1])
(second, [1, 1, 1, 1, 1, 1, 1, 1, 1, 1])
(secret, [1, 1, 1])
(secrets, [1, 1])
(sedge, [1])
(seduced, [1])
(see, [1, 1, 1, 1, 1, 1, 1, 1, 1, 1, 1, 1, 1, 1, 1, 1, 1, 1, 1, 1, 1, 1, 1, 1, 1, 1])
(see;, [1, 1])
(seeing, [1])
(seek, [1, 1, 1, 1, 1, 1, 1])
(seeks, [1, 1])
(seem, [1, 1, 1])
(seems, [1])
(seen, [1, 1, 1])
(sees, [1])
(seest, [1, 1, 1])
(seet, [1])
(seized, [1])
(self, [1, 1, 1])
(self;, [1])
(send, [1, 1, 1, 1, 1, 1, 1])
(sends, [1, 1, 1])
(sense, [1])
(senseless, [1, 1])
(sent, [1, 1, 1, 1, 1, 1, 1, 1, 1, 1, 1])
(sepulchre, [1])
(sequel;, [1])
(servant, [1, 1, 1, 1, 1, 1, 1, 1, 1, 1, 1, 1, 1, 1, 1, 1, 1])
(servants, [1])
(servants', [1])
(serve, [1, 1, 1, 1, 1, 1])
(served, [1, 1])
(serves, [1, 1])
(service, [1, 1, 1, 1, 1, 1, 1, 1, 1])
(serviceable, [1])
(servicewhy, [1])
(set, [1, 1, 1, 1, 1, 1, 1])
(seven, [1])
(several, [1, 1])
(severally, [1, 1, 1])
(severely, [1])
(sew', [1])
(shadow, [1, 1, 1, 1, 1, 1])
(shadow;, [1])
(shadows, [1])
(shadowy, [1])
(shake, [1])
(shall, [1, 1, 1, 1, 1, 1, 1, 1, 1, 1, 1, 1, 1, 1, 1, 1, 1, 1, 1, 1, 1, 1, 1, 1, 1, 1, 1, 1, 1, 1, 1, 1, 1, 1, 1, 1, 1, 1, 1, 1, 1, 1, 1, 1, 1, 1, 1, 1, 1, 1, 1, 1])
(shallow, [1, 1, 1])
(shalt, [1, 1, 1, 1, 1, 1, 1])
(shame, [1, 1, 1, 1, 1, 1])
(shape, [1])
(shapeless, [1])
(shapes, [1, 1])
(sharp, [1, 1])
(she, [1, 1, 1, 1, 1, 1, 1, 1, 1, 1, 1, 1, 1, 1, 1, 1, 1, 1, 1, 1, 1, 1, 1, 1, 1, 1, 1, 1, 1, 1, 1, 1, 1, 1, 1, 1, 1, 1, 1, 1, 1, 1, 1, 1, 1, 1, 1, 1, 1, 1, 1, 1, 1, 1, 1, 1, 1, 1, 1, 1, 1, 1, 1, 1, 1, 1, 1, 1, 1, 1, 1, 1, 1, 1, 1, 1, 1, 1, 1, 1, 1, 1, 1, 1, 1, 1, 1, 1, 1, 1, 1, 1, 1, 1, 1, 1, 1, 1, 1, 1, 1, 1, 1, 1, 1, 1, 1, 1, 1, 1, 1, 1, 1, 1, 1, 1, 1, 1, 1, 1, 1, 1, 1, 1, 1, 1, 1, 1, 1, 1, 1, 1, 1, 1, 1, 1, 1, 1, 1, 1, 1, 1, 1, 1, 1, 1, 1, 1, 1, 1, 1, 1, 1, 1, 1, 1, 1, 1, 1, 1, 1, 1, 1, 1, 1, 1, 1, 1, 1])
(she'ld, [1])
(she'll, [1, 1])
(she;, [1, 1])
(shed, [1])
(sheds, [1])
(sheep, [1, 1, 1, 1, 1, 1, 1, 1, 1, 1, 1])
(shelving, [1])
(shepherd, [1, 1, 1, 1, 1, 1])
(shepherd;, [1, 1])
(shine, [1, 1])
(ship, [1, 1])
(shipp'd, [1, 1])
(shipped, [1])
(shoe, [1, 1, 1, 1, 1])
(shoes, [1, 1])
(shore, [1])
(shot, [1, 1, 1])
(should, [1, 1, 1, 1, 1, 1, 1, 1, 1, 1, 1, 1, 1, 1, 1, 1, 1, 1, 1, 1, 1, 1, 1, 1, 1, 1, 1, 1, 1, 1, 1, 1, 1, 1, 1, 1, 1, 1])
(shouldst, [1, 1])
(show, [1, 1, 1, 1, 1, 1, 1])
(shown, [1])
(shows, [1, 1, 1, 1])
(shrink, [1])
(shunn'd, [1, 1])
(shut, [1])
(sick, [1, 1])
(sigh, [1, 1, 1])
(sighs, [1, 1, 1])
(sighs;, [1, 1])
(sight, [1, 1, 1])
(sights, [1])
(sign, [1])
(signify, [1])
(signior, [1])
(silence, [1, 1])
(silent, [1])
(silken, [1])
(silly, [1, 1])
(silvershedding, [1])
(silvia, [1, 1, 1, 1, 1, 1, 1, 1, 1, 1, 1, 1, 1, 1, 1, 1, 1, 1, 1, 1, 1, 1, 1, 1, 1, 1, 1, 1, 1, 1, 1, 1, 1, 1, 1, 1, 1, 1, 1, 1, 1, 1, 1, 1, 1, 1, 1, 1, 1, 1, 1, 1, 1, 1, 1, 1, 1, 1, 1, 1, 1, 1, 1, 1, 1, 1, 1, 1, 1, 1, 1, 1, 1, 1, 1, 1, 1, 1, 1, 1, 1, 1, 1, 1, 1, 1, 1, 1, 1, 1, 1, 1, 1, 1, 1, 1, 1, 1, 1, 1, 1, 1, 1, 1, 1, 1, 1, 1, 1, 1, 1, 1, 1, 1, 1, 1, 1, 1, 1, 1, 1])
(silvia', [1])
(silvia;, [1, 1, 1])
(silviawitness, [1])
(simple, [1, 1])
(since, [1, 1, 1, 1, 1, 1, 1, 1, 1, 1, 1, 1])
(sincere, [1])
(sinews, [1])
(sing, [1, 1, 1, 1, 1])
(sinned, [1])
(sins, [1])
(sir, [1, 1, 1, 1, 1, 1, 1, 1, 1, 1, 1, 1, 1, 1, 1, 1, 1, 1, 1, 1, 1, 1, 1, 1, 1, 1, 1, 1, 1, 1, 1, 1, 1, 1, 1, 1, 1, 1, 1, 1, 1, 1, 1, 1, 1, 1, 1, 1, 1, 1, 1, 1, 1, 1, 1, 1, 1, 1, 1, 1, 1, 1, 1, 1, 1, 1, 1, 1, 1, 1, 1, 1, 1, 1, 1, 1, 1, 1, 1, 1, 1, 1, 1, 1, 1])
(sir;, [1, 1, 1, 1, 1, 1, 1])
(sire;, [1])
(sirrah, [1, 1, 1, 1])
(sirs, [1])
(sister, [1, 1])
(sister;, [1])
(sisters, [1])
(sit, [1, 1, 1])
(sith, [1])
(sits, [1])
(sixteen, [1])
(skill, [1, 1])
(skill'd, [1])
(sky;, [1])
(slander, [1, 1, 1])
(slave, [1, 1, 1])
(slaves, [1])
(sleep, [1, 1, 1, 1])
(sleep', [1])
(slender, [1])
(slew, [1])
(slight, [1])
(slow, [1, 1, 1, 1, 1, 1])
(sluggardized, [1])
(sly, [1])
(small, [1, 1, 1, 1])
(smaller, [1])
(smell, [1])
(smelt, [1])
(smile, [1, 1])
(smiles, [1])
(snow, [1])
(so, [1, 1, 1, 1, 1, 1, 1, 1, 1, 1, 1, 1, 1, 1, 1, 1, 1, 1, 1, 1, 1, 1, 1, 1, 1, 1, 1, 1, 1, 1, 1, 1, 1, 1, 1, 1, 1, 1, 1, 1, 1, 1, 1, 1, 1, 1, 1, 1, 1, 1, 1, 1, 1, 1, 1, 1, 1, 1, 1, 1, 1, 1, 1, 1, 1, 1, 1, 1, 1, 1, 1, 1, 1, 1, 1, 1, 1, 1, 1, 1, 1, 1, 1, 1, 1, 1, 1, 1, 1, 1, 1, 1, 1, 1, 1, 1, 1, 1, 1, 1, 1, 1, 1, 1, 1])
(so;, [1, 1, 1, 1, 1, 1])
(soften, [1])
(soho, [1, 1])
(sojourned, [1])
(soldier, [1])
(sole, [1])
(solemnity, [1])
(solicit, [1])
(solitary, [1])
(some, [1, 1, 1, 1, 1, 1, 1, 1, 1, 1, 1, 1, 1, 1, 1, 1, 1, 1, 1, 1, 1, 1, 1, 1, 1, 1, 1, 1, 1, 1, 1, 1, 1, 1, 1, 1, 1, 1])
(something, [1])
(sometimes, [1])
(somewhat, [1])
(son, [1, 1, 1, 1, 1, 1, 1, 1])
(song, [1, 1, 1])
(sonnet, [1])
(sonnets, [1])
(sons, [1])
(soon, [1, 1, 1, 1])
(sooner, [1, 1, 1])
(sorrow, [1, 1, 1, 1])
(sorrows, [1, 1])
(sorry, [1])
(sort, [1])
(sorted, [1])
(sought, [1])
(soul, [1, 1, 1, 1])
(soulconfirming, [1])
(sour, [1])
(sourestnatured, [1])
(sovereign, [1, 1])
(sovereignty, [1])
(spake, [1])
(spaniellike, [1])
(speak, [1, 1, 1, 1, 1, 1, 1, 1, 1, 1, 1, 1, 1, 1, 1])
(speak;, [1])
(speaking, [1])
(speaks, [1])
(speakt, [1])
(special, [1, 1, 1])
(speed, [1, 1, 1, 1, 1, 1, 1, 1, 1, 1, 1, 1, 1, 1, 1, 1, 1, 1, 1, 1, 1, 1, 1, 1, 1, 1, 1, 1, 1, 1, 1, 1, 1, 1, 1, 1, 1, 1, 1, 1, 1, 1, 1, 1, 1, 1, 1, 1, 1, 1, 1, 1, 1, 1, 1, 1, 1, 1, 1, 1, 1, 1, 1, 1, 1, 1, 1, 1, 1, 1, 1, 1, 1, 1, 1, 1, 1, 1, 1, 1, 1, 1, 1, 1, 1, 1, 1, 1, 1, 1, 1, 1, 1, 1, 1, 1, 1, 1, 1, 1, 1, 1, 1, 1, 1, 1, 1, 1, 1, 1, 1, 1, 1, 1, 1, 1, 1, 1, 1, 1, 1, 1, 1, 1, 1, 1, 1])
(speediest, [1])
(spend, [1, 1, 1, 1, 1, 1])
(spends, [1])
(spent, [1])
(spies, [1])
(spin, [1])
(spin', [1])
(spirit, [1, 1, 1])
(spite, [1])
(spoke, [1])
(spoken, [1])
(spokesman, [1])
(sport, [1])
(spring, [1])
(spur, [1])
(spurns, [1])
(spurr'd, [1])
(spy, [1])
(squirrel, [1])
(st, [1])
(stabb'd, [1])
(staff, [1, 1, 1])
(staff;, [1])
(stand, [1, 1, 1, 1, 1, 1, 1])
(stands, [1, 1, 1, 1, 1])
(stands;, [1])
(standunder, [1])
(star, [1])
(stars, [1, 1])
(starved, [1])
(state, [1])
(statue, [1])
(stature;, [1])
(stay, [1, 1, 1, 1, 1])
(stay'd, [1, 1])
(stayed, [1, 1])
(staying, [1])
(stays, [1, 1, 1, 1])
(stayt, [1])
(stead, [1, 1])
(steal, [1, 1, 1])
(steals, [1])
(steel, [1, 1])
(steeple, [1])
(step, [1, 1])
(steps, [1])
(steps;, [1])
(stick, [1, 1])
(still, [1, 1, 1, 1, 1, 1, 1, 1, 1, 1, 1, 1])
(still;, [1])
(stings, [1])
(stir, [1])
(stock, [1, 1])
(stocks, [1])
(stol'n, [1])
(stolen, [1, 1])
(stomach, [1])
(stone, [1, 1])
(stones, [1, 1, 1])
(stones;, [1])
(stood, [1, 1])
(stoop, [1])
(stop, [1, 1])
(stopp'd, [1])
(stopt, [1])
(store, [1])
(story, [1, 1, 1])
(strange;, [1])
(stranger, [1])
(stray, [1])
(strays, [1])
(stream, [1])
(street, [1, 1])
(strength, [1])
(strike, [1, 1, 1])
(strikes, [1])
(strings, [1, 1])
(strung, [1])
(stubborn, [1])
(studies, [1])
(studious, [1])
(study, [1])
(stuff'd, [1])
(stumble, [1])
(subject, [1])
(subscribe, [1])
(substance, [1, 1, 1, 1])
(subtle, [1])
(success, [1, 1])
(such, [1, 1, 1, 1, 1, 1, 1, 1, 1, 1, 1, 1, 1, 1, 1, 1, 1, 1, 1, 1, 1, 1, 1, 1, 1, 1, 1, 1, 1, 1, 1, 1, 1, 1, 1, 1, 1, 1, 1, 1])
(sudden, [1])
(suddenly, [1])
(sues, [1])
(suffer, [1, 1])
(suffered, [1, 1])
(sufficient, [1])
(suggested, [1])
(suit, [1, 1, 1])
(suitor, [1])
(sullen, [1])
(sum, [1])
(summerswelling, [1])
(sun, [1, 1, 1])
(sunbright, [1])
(sunexpelling, [1])
(sup, [1])
(supper, [1, 1])
(suppliant, [1])
(suppose, [1])
(sure, [1, 1, 1, 1, 1, 1, 1, 1])
(surfeit, [1])
(survives;, [1])
(swain, [1])
(swains, [1])
(swarthy, [1])
(swear, [1, 1, 1])
(sweet, [1, 1, 1, 1, 1, 1, 1, 1, 1, 1, 1, 1, 1, 1, 1, 1, 1, 1, 1, 1, 1, 1, 1, 1, 1, 1])
(sweetcomplaining, [1])
(sweeter, [1])
(sweetest, [1])
(sweetsuggesting, [1])
(swift, [1, 1])
(swiftest, [1])
(swinged, [1, 1])
(swoons, [1])
(sworn, [1])
(swum, [1])
(t, [1, 1])
(ta'en, [1, 1])
(table, [1, 1])
(tail, [1, 1])
(take, [1, 1, 1, 1, 1, 1, 1, 1, 1, 1, 1, 1, 1, 1, 1, 1, 1, 1, 1, 1, 1, 1, 1, 1])
(taken, [1, 1])
(takes, [1, 1, 1, 1, 1])
(tale, [1])
(tales, [1])
(talk, [1, 1, 1, 1, 1])
(talking, [1])
(tall, [1])
(tame, [1])
(tangle, [1])
(tarriance, [1])
(tarry, [1, 1])
(taught, [1, 1, 1, 1])
(teach, [1, 1])
(team, [1])
(tear, [1, 1, 1, 1, 1])
(tears, [1, 1, 1, 1, 1, 1, 1, 1, 1, 1])
(tears;, [1, 1])
(tedious, [1])
(teeth, [1])
(teeth', [1])
(tell, [1, 1, 1, 1, 1, 1, 1, 1, 1, 1, 1, 1, 1, 1, 1, 1, 1, 1, 1, 1, 1, 1])
(telling, [1])
(tells, [1])
(telltales, [1])
(temper, [1])
(tempted, [1])
(ten, [1, 1])
(tenantless, [1])
(tender, [1, 1, 1, 1, 1, 1])
(tender'd;, [1])
(tenor, [1])
(territories, [1])
(testerned, [1])
(testify, [1])
(testy, [1])
(than, [1, 1, 1, 1, 1, 1, 1, 1, 1, 1, 1, 1, 1, 1, 1, 1, 1, 1, 1, 1, 1, 1, 1, 1, 1, 1, 1, 1, 1, 1, 1, 1, 1, 1, 1, 1, 1, 1, 1, 1, 1, 1, 1, 1, 1, 1, 1, 1, 1])
(thank, [1, 1, 1, 1, 1, 1, 1, 1, 1, 1, 1, 1])
(thankful, [1])
(thanks, [1, 1])
(that, [1, 1, 1, 1, 1, 1, 1, 1, 1, 1, 1, 1, 1, 1, 1, 1, 1, 1, 1, 1, 1, 1, 1, 1, 1, 1, 1, 1, 1, 1, 1, 1, 1, 1, 1, 1, 1, 1, 1, 1, 1, 1, 1, 1, 1, 1, 1, 1, 1, 1, 1, 1, 1, 1, 1, 1, 1, 1, 1, 1, 1, 1, 1, 1, 1, 1, 1, 1, 1, 1, 1, 1, 1, 1, 1, 1, 1, 1, 1, 1, 1, 1, 1, 1, 1, 1, 1, 1, 1, 1, 1, 1, 1, 1, 1, 1, 1, 1, 1, 1, 1, 1, 1, 1, 1, 1, 1, 1, 1, 1, 1, 1, 1, 1, 1, 1, 1, 1, 1, 1, 1, 1, 1, 1, 1, 1, 1, 1, 1, 1, 1, 1, 1, 1, 1, 1, 1, 1, 1, 1, 1, 1, 1, 1, 1, 1, 1, 1, 1, 1, 1, 1, 1, 1, 1, 1, 1, 1, 1, 1, 1, 1, 1, 1, 1, 1, 1, 1, 1, 1, 1, 1, 1, 1, 1, 1, 1, 1, 1, 1, 1, 1, 1, 1, 1, 1, 1, 1, 1, 1, 1, 1, 1, 1, 1, 1, 1, 1, 1, 1, 1, 1, 1, 1, 1, 1, 1, 1, 1, 1, 1, 1, 1, 1, 1, 1, 1, 1, 1, 1, 1, 1, 1, 1, 1, 1, 1, 1, 1, 1, 1, 1, 1, 1, 1, 1, 1, 1, 1, 1, 1, 1, 1, 1, 1, 1, 1, 1, 1, 1, 1, 1, 1, 1, 1, 1, 1, 1, 1, 1, 1, 1, 1, 1, 1, 1, 1, 1, 1, 1, 1, 1, 1, 1, 1, 1, 1, 1, 1, 1, 1, 1, 1, 1, 1, 1, 1, 1, 1, 1, 1, 1, 1, 1, 1, 1, 1, 1, 1, 1, 1, 1, 1, 1, 1])
(that', [1])
(thaw'd;, [1])
(the, [1, 1, 1, 1, 1, 1, 1, 1, 1, 1, 1, 1, 1, 1, 1, 1, 1, 1, 1, 1, 1, 1, 1, 1, 1, 1, 1, 1, 1, 1, 1, 1, 1, 1, 1, 1, 1, 1, 1, 1, 1, 1, 1, 1, 1, 1, 1, 1, 1, 1, 1, 1, 1, 1, 1, 1, 1, 1, 1, 1, 1, 1, 1, 1, 1, 1, 1, 1, 1, 1, 1, 1, 1, 1, 1, 1, 1, 1, 1, 1, 1, 1, 1, 1, 1, 1, 1, 1, 1, 1, 1, 1, 1, 1, 1, 1, 1, 1, 1, 1, 1, 1, 1, 1, 1, 1, 1, 1, 1, 1, 1, 1, 1, 1, 1, 1, 1, 1, 1, 1, 1, 1, 1, 1, 1, 1, 1, 1, 1, 1, 1, 1, 1, 1, 1, 1, 1, 1, 1, 1, 1, 1, 1, 1, 1, 1, 1, 1, 1, 1, 1, 1, 1, 1, 1, 1, 1, 1, 1, 1, 1, 1, 1, 1, 1, 1, 1, 1, 1, 1, 1, 1, 1, 1, 1, 1, 1, 1, 1, 1, 1, 1, 1, 1, 1, 1, 1, 1, 1, 1, 1, 1, 1, 1, 1, 1, 1, 1, 1, 1, 1, 1, 1, 1, 1, 1, 1, 1, 1, 1, 1, 1, 1, 1, 1, 1, 1, 1, 1, 1, 1, 1, 1, 1, 1, 1, 1, 1, 1, 1, 1, 1, 1, 1, 1, 1, 1, 1, 1, 1, 1, 1, 1, 1, 1, 1, 1, 1, 1, 1, 1, 1, 1, 1, 1, 1, 1, 1, 1, 1, 1, 1, 1, 1, 1, 1, 1, 1, 1, 1, 1, 1, 1, 1, 1, 1, 1, 1, 1, 1, 1, 1, 1, 1, 1, 1, 1, 1, 1, 1, 1, 1, 1, 1, 1, 1, 1, 1, 1, 1, 1, 1, 1, 1, 1, 1, 1, 1, 1, 1, 1, 1, 1, 1, 1, 1, 1, 1, 1, 1, 1, 1, 1, 1, 1, 1, 1, 1, 1, 1, 1, 1, 1, 1, 1, 1, 1, 1, 1, 1, 1, 1, 1, 1, 1, 1, 1, 1, 1, 1, 1, 1, 1, 1, 1, 1, 1, 1, 1, 1, 1, 1, 1, 1, 1, 1, 1, 1, 1, 1, 1, 1, 1, 1, 1, 1, 1, 1, 1, 1, 1, 1, 1, 1, 1, 1, 1, 1, 1, 1, 1, 1, 1, 1, 1, 1, 1, 1, 1, 1, 1, 1, 1])
(thee, [1, 1, 1, 1, 1, 1, 1, 1, 1, 1, 1, 1, 1, 1, 1, 1, 1, 1, 1, 1, 1, 1, 1, 1, 1, 1, 1, 1, 1, 1, 1, 1, 1, 1, 1, 1, 1, 1, 1, 1, 1, 1, 1, 1, 1, 1, 1, 1, 1, 1, 1, 1, 1, 1, 1, 1, 1, 1, 1, 1, 1, 1, 1, 1, 1, 1, 1, 1, 1, 1, 1, 1, 1, 1, 1, 1, 1, 1, 1, 1])
(thee', [1])
(thee;, [1, 1])
(theethat, [1])
(their, [1, 1, 1, 1, 1, 1, 1, 1, 1, 1, 1, 1, 1, 1, 1, 1, 1, 1, 1, 1, 1, 1, 1, 1, 1, 1, 1])
(theirs, [1])
(them, [1, 1, 1, 1, 1, 1, 1, 1, 1, 1, 1, 1, 1, 1, 1, 1, 1, 1, 1, 1, 1, 1, 1, 1, 1, 1, 1, 1, 1, 1, 1, 1, 1, 1, 1, 1, 1, 1, 1, 1, 1, 1, 1, 1])
(them;, [1, 1])
(then, [1, 1, 1, 1, 1, 1, 1, 1, 1, 1, 1, 1, 1, 1, 1, 1, 1, 1, 1, 1, 1, 1, 1, 1, 1, 1, 1, 1, 1, 1, 1, 1, 1, 1, 1, 1, 1, 1, 1, 1, 1, 1, 1, 1, 1, 1, 1, 1, 1, 1, 1, 1])
(thence, [1, 1, 1, 1, 1])
(there, [1, 1, 1, 1, 1, 1, 1, 1, 1, 1, 1, 1, 1, 1, 1, 1, 1, 1, 1, 1, 1, 1, 1, 1, 1, 1, 1, 1, 1, 1, 1, 1])
(there;, [1, 1, 1])
(therebless, [1])
(thereby, [1])
(therefore, [1, 1, 1, 1, 1, 1, 1, 1, 1, 1, 1, 1, 1, 1, 1, 1, 1, 1])
(therein, [1, 1])
(thereof, [1, 1])
(thereto, [1])
(therewithal, [1, 1])
(these, [1, 1, 1, 1, 1, 1, 1, 1, 1, 1, 1, 1, 1, 1, 1, 1, 1])
(theseus', [1])
(they, [1, 1, 1, 1, 1, 1, 1, 1, 1, 1, 1, 1, 1, 1, 1, 1, 1, 1, 1, 1, 1, 1, 1, 1, 1, 1, 1, 1, 1, 1, 1, 1, 1, 1, 1, 1])
(they're, [1])
(thicket, [1])
(thievery, [1])
(thine, [1, 1, 1, 1, 1])
(thine;, [1])
(thing, [1, 1, 1, 1, 1, 1, 1, 1, 1, 1, 1])
(things, [1, 1, 1, 1, 1])
(think, [1, 1, 1, 1, 1, 1, 1, 1, 1, 1, 1, 1, 1, 1, 1, 1, 1, 1, 1, 1, 1, 1, 1, 1, 1, 1, 1, 1, 1, 1, 1, 1, 1, 1, 1])
(thinkest, [1, 1])
(thinking, [1])
(thinks, [1, 1])
(thinkt, [1, 1, 1, 1])
(third, [1, 1, 1, 1, 1, 1, 1, 1, 1])
(this, [1, 1, 1, 1, 1, 1, 1, 1, 1, 1, 1, 1, 1, 1, 1, 1, 1, 1, 1, 1, 1, 1, 1, 1, 1, 1, 1, 1, 1, 1, 1, 1, 1, 1, 1, 1, 1, 1, 1, 1, 1, 1, 1, 1, 1, 1, 1, 1, 1, 1, 1, 1, 1, 1, 1, 1, 1, 1, 1, 1, 1, 1, 1, 1, 1, 1, 1, 1, 1, 1, 1, 1, 1, 1, 1, 1, 1, 1, 1, 1, 1, 1, 1, 1, 1, 1, 1, 1, 1, 1, 1, 1, 1, 1, 1, 1, 1, 1, 1, 1, 1, 1, 1, 1, 1, 1, 1, 1, 1, 1])
(thither, [1, 1, 1])
(thoroughly, [1])
(those, [1, 1, 1])
(thou, [1, 1, 1, 1, 1, 1, 1, 1, 1, 1, 1, 1, 1, 1, 1, 1, 1, 1, 1, 1, 1, 1, 1, 1, 1, 1, 1, 1, 1, 1, 1, 1, 1, 1, 1, 1, 1, 1, 1, 1, 1, 1, 1, 1, 1, 1, 1, 1, 1, 1, 1, 1, 1, 1, 1, 1, 1, 1, 1, 1, 1, 1, 1, 1, 1, 1, 1, 1, 1, 1, 1, 1, 1, 1, 1, 1, 1, 1, 1, 1, 1, 1, 1, 1, 1, 1, 1, 1, 1, 1, 1, 1, 1, 1, 1, 1, 1, 1, 1, 1, 1, 1, 1, 1, 1, 1, 1, 1, 1, 1, 1, 1, 1, 1, 1, 1, 1, 1, 1, 1, 1, 1, 1, 1, 1, 1, 1, 1, 1, 1, 1, 1, 1, 1, 1, 1, 1, 1, 1, 1, 1, 1])
(thou'dst, [1])
(thou'lt, [1])
(though, [1, 1, 1, 1, 1, 1, 1, 1])
(thought, [1, 1, 1, 1])
(thoughts, [1, 1, 1, 1, 1, 1, 1, 1])
(thousand, [1, 1, 1, 1, 1, 1, 1, 1, 1, 1, 1])
(threats, [1])
(three, [1, 1, 1, 1])
(threefold, [1, 1])
(threw, [1])
(thrice, [1, 1])
(thrive, [1])
(thrives, [1])
(through, [1, 1, 1, 1])
(throw, [1, 1, 1])
(thrust, [1, 1])
(thrusts, [1])
(thurio, [1, 1, 1, 1, 1, 1, 1, 1, 1, 1, 1, 1, 1, 1, 1, 1, 1, 1, 1, 1, 1, 1, 1, 1, 1, 1, 1, 1, 1, 1, 1, 1, 1, 1, 1, 1, 1, 1, 1, 1, 1, 1, 1, 1, 1, 1, 1, 1, 1, 1, 1, 1, 1, 1, 1, 1, 1, 1, 1, 1, 1, 1, 1, 1, 1, 1, 1, 1, 1, 1])
(thurio;, [1])
(thus, [1, 1, 1, 1, 1, 1, 1, 1, 1, 1, 1, 1, 1, 1, 1])
(thwarted, [1])
(thy, [1, 1, 1, 1, 1, 1, 1, 1, 1, 1, 1, 1, 1, 1, 1, 1, 1, 1, 1, 1, 1, 1, 1, 1, 1, 1, 1, 1, 1, 1, 1, 1, 1, 1, 1, 1, 1, 1, 1, 1, 1, 1, 1, 1, 1, 1, 1, 1, 1, 1, 1, 1, 1, 1, 1, 1, 1, 1, 1, 1, 1, 1, 1, 1, 1, 1, 1, 1, 1, 1, 1, 1, 1, 1, 1, 1, 1, 1, 1, 1, 1, 1, 1, 1, 1, 1, 1, 1, 1, 1, 1, 1, 1, 1, 1, 1, 1, 1, 1])
(thyself, [1, 1, 1, 1, 1, 1, 1])
(tide, [1, 1, 1, 1, 1, 1])
(tied, [1, 1, 1, 1, 1])
(tigers, [1])
(till, [1, 1, 1, 1, 1, 1, 1, 1])
(tilts, [1])
(time, [1, 1, 1, 1, 1, 1, 1, 1, 1, 1, 1, 1, 1, 1, 1, 1, 1, 1, 1, 1, 1, 1])
(time;, [1])
(timeless, [1])
(times, [1, 1, 1, 1, 1])
(tire, [1])
(tis, [1, 1, 1, 1, 1, 1, 1, 1, 1, 1, 1, 1, 1, 1, 1, 1, 1, 1, 1, 1, 1, 1, 1, 1, 1, 1, 1, 1, 1, 1, 1, 1, 1, 1, 1, 1])
(tis;, [1, 1])
(to, [1, 1, 1, 1, 1, 1, 1, 1, 1, 1, 1, 1, 1, 1, 1, 1, 1, 1, 1, 1, 1, 1, 1, 1, 1, 1, 1, 1, 1, 1, 1, 1, 1, 1, 1, 1, 1, 1, 1, 1, 1, 1, 1, 1, 1, 1, 1, 1, 1, 1, 1, 1, 1, 1, 1, 1, 1, 1, 1, 1, 1, 1, 1, 1, 1, 1, 1, 1, 1, 1, 1, 1, 1, 1, 1, 1, 1, 1, 1, 1, 1, 1, 1, 1, 1, 1, 1, 1, 1, 1, 1, 1, 1, 1, 1, 1, 1, 1, 1, 1, 1, 1, 1, 1, 1, 1, 1, 1, 1, 1, 1, 1, 1, 1, 1, 1, 1, 1, 1, 1, 1, 1, 1, 1, 1, 1, 1, 1, 1, 1, 1, 1, 1, 1, 1, 1, 1, 1, 1, 1, 1, 1, 1, 1, 1, 1, 1, 1, 1, 1, 1, 1, 1, 1, 1, 1, 1, 1, 1, 1, 1, 1, 1, 1, 1, 1, 1, 1, 1, 1, 1, 1, 1, 1, 1, 1, 1, 1, 1, 1, 1, 1, 1, 1, 1, 1, 1, 1, 1, 1, 1, 1, 1, 1, 1, 1, 1, 1, 1, 1, 1, 1, 1, 1, 1, 1, 1, 1, 1, 1, 1, 1, 1, 1, 1, 1, 1, 1, 1, 1, 1, 1, 1, 1, 1, 1, 1, 1, 1, 1, 1, 1, 1, 1, 1, 1, 1, 1, 1, 1, 1, 1, 1, 1, 1, 1, 1, 1, 1, 1, 1, 1, 1, 1, 1, 1, 1, 1, 1, 1, 1, 1, 1, 1, 1, 1, 1, 1, 1, 1, 1, 1, 1, 1, 1, 1, 1, 1, 1, 1, 1, 1, 1, 1, 1, 1, 1, 1, 1, 1, 1, 1, 1, 1, 1, 1, 1, 1, 1, 1, 1, 1, 1, 1, 1, 1, 1, 1, 1, 1, 1, 1, 1, 1, 1, 1, 1, 1, 1, 1, 1, 1, 1, 1, 1, 1, 1, 1, 1, 1, 1, 1, 1, 1, 1, 1, 1, 1, 1, 1, 1, 1, 1, 1, 1, 1, 1, 1, 1, 1, 1, 1, 1, 1, 1, 1, 1, 1, 1, 1, 1, 1, 1, 1, 1, 1, 1, 1, 1, 1, 1, 1, 1, 1, 1, 1, 1, 1, 1, 1, 1, 1, 1, 1, 1, 1, 1, 1, 1, 1, 1, 1, 1, 1, 1, 1, 1, 1, 1, 1, 1, 1, 1, 1, 1, 1, 1, 1, 1, 1, 1, 1, 1, 1, 1, 1, 1, 1, 1, 1, 1, 1, 1, 1, 1, 1, 1, 1, 1, 1, 1, 1, 1, 1, 1, 1, 1])
(today, [1])
(together, [1, 1, 1])
(token, [1, 1])
(told, [1, 1])
(tomorrow, [1, 1, 1, 1])
(tongue, [1, 1, 1, 1, 1, 1])
(tongues, [1])
(too, [1, 1, 1, 1, 1, 1, 1, 1, 1, 1, 1, 1, 1, 1, 1, 1, 1, 1, 1, 1, 1, 1, 1, 1, 1, 1, 1])
(too;, [1])
(took, [1, 1, 1])
(torment, [1, 1])
(torments, [1])
(touch, [1, 1, 1, 1, 1])
(tournaments, [1])
(towards, [1])
(tower, [1, 1])
(towns, [1])
(toys, [1])
(train, [1])
(traitor, [1])
(trampling, [1])
(transgression, [1])
(travel, [1, 1, 1, 1])
(travellers, [1])
(treacherous, [1])
(treachery, [1, 1])
(treasure, [1, 1])
(trenched, [1])
(trencher, [1])
(trick, [1, 1, 1])
(tried, [1])
(trifle, [1])
(trimm'd, [1])
(triumphs, [1])
(trouble, [1, 1])
(truant, [1])
(true, [1, 1, 1, 1, 1, 1, 1, 1, 1, 1, 1, 1])
(true;, [1, 1, 1, 1, 1])
(trueconfirmed, [1])
(truedevoted, [1])
(truelove, [1])
(truer, [1])
(truly, [1, 1])
(trust, [1, 1, 1, 1, 1, 1])
(trusted, [1])
(trusting, [1])
(truth, [1, 1, 1, 1, 1])
(try, [1, 1, 1])
(tune, [1, 1, 1, 1, 1, 1, 1, 1, 1])
(turmoil, [1])
(turn, [1, 1, 1, 1, 1, 1])
(turn'd, [1])
(turns, [1])
(tut, [1])
(tutor, [1, 1])
(tutor'd, [1])
(twas, [1, 1])
(twenty, [1, 1, 1, 1, 1, 1])
(twere, [1, 1, 1, 1, 1, 1])
(twice, [1, 1, 1])
(twill, [1])
(twinkling, [1])
(twits, [1])
(two, [1, 1, 1, 1, 1])
(two;, [1])
(unadvised, [1])
(uncertain, [1])
(uncivil, [1, 1])
(uncompassionate, [1])
(under, [1, 1, 1, 1, 1])
(undergo, [1])
(understand, [1, 1])
(understands, [1, 1])
(undertake, [1, 1])
(undertaking, [1])
(undeserving, [1])
(undone, [1])
(undone;, [1])
(unfrequented, [1])
(ungartered, [1])
(ungovern'd, [1])
(unhappy, [1, 1, 1, 1, 1, 1])
(unheedful, [1])
(unheedfully, [1])
(unholy, [1])
(universities, [1])
(unjust, [1, 1])
(unkind, [1])
(unkindest, [1, 1])
(unknown, [1])
(unless, [1, 1, 1, 1, 1, 1, 1, 1, 1])
(unmannerly, [1])
(unmellow'd, [1])
(unprevented, [1])
(unreverend, [1])
(unreversed, [1])
(unrivall'd, [1])
(unruly, [1])
(unseeing, [1])
(unseen, [1, 1])
(unsounded, [1])
(unstaid, [1])
(unto, [1, 1, 1, 1, 1, 1, 1, 1, 1, 1, 1, 1, 1])
(untuneable, [1])
(unwelcome, [1])
(unwilling, [1])
(unwillingly, [1])
(unwind, [1])
(unworthily, [1])
(unworthy, [1])
(up, [1, 1, 1, 1, 1, 1, 1, 1, 1, 1, 1, 1, 1])
(up', [1])
(up;, [1])
(upon, [1, 1, 1, 1, 1, 1, 1, 1, 1, 1, 1, 1, 1, 1, 1, 1, 1, 1, 1, 1, 1, 1, 1, 1, 1, 1, 1, 1, 1, 1, 1, 1])
(upon;, [1])
(upper, [1])
(urge, [1])
(urinal, [1])
(ursula, [1])
(us, [1, 1, 1, 1, 1, 1, 1, 1, 1, 1, 1, 1, 1, 1, 1])
(use, [1, 1, 1, 1, 1, 1, 1, 1])
(used, [1, 1])
(utter, [1])
(v, [1, 1])
(vain, [1, 1])
(valentine, [1, 1, 1, 1, 1, 1, 1, 1, 1, 1, 1, 1, 1, 1, 1, 1, 1, 1, 1, 1, 1, 1, 1, 1, 1, 1, 1, 1, 1, 1, 1, 1, 1, 1, 1, 1, 1, 1, 1, 1, 1, 1, 1, 1, 1, 1, 1, 1, 1, 1, 1, 1, 1, 1, 1, 1, 1, 1, 1, 1, 1, 1, 1, 1, 1, 1, 1, 1, 1, 1, 1, 1, 1, 1, 1, 1, 1, 1, 1, 1, 1, 1, 1, 1, 1, 1, 1, 1, 1, 1, 1, 1, 1, 1, 1, 1, 1, 1, 1, 1, 1, 1, 1, 1, 1, 1, 1, 1, 1, 1, 1, 1, 1, 1, 1, 1, 1, 1, 1, 1, 1, 1, 1, 1, 1, 1, 1, 1, 1, 1, 1, 1, 1, 1, 1, 1, 1, 1, 1, 1, 1, 1, 1, 1, 1, 1, 1, 1, 1, 1, 1, 1, 1, 1, 1, 1, 1, 1, 1, 1, 1, 1, 1, 1, 1, 1, 1, 1, 1, 1, 1, 1, 1, 1, 1, 1, 1, 1, 1, 1, 1, 1, 1, 1, 1, 1, 1, 1, 1, 1, 1, 1, 1, 1, 1, 1, 1, 1, 1, 1, 1, 1, 1, 1, 1, 1, 1, 1, 1, 1, 1, 1])
(valentine;, [1, 1])
(valentinus, [1])
(valerius, [1])
(valiant, [1])
(valour, [1])
(vanished, [1])
(vanquished, [1])
(vantage, [1, 1])
(vengeance, [1])
(venture, [1])
(verdure, [1])
(verily, [1])
(verona, [1, 1, 1, 1, 1, 1, 1])
(very, [1, 1, 1, 1, 1, 1, 1, 1, 1, 1, 1, 1, 1, 1, 1, 1, 1])
(vesture, [1])
(vex, [1])
(vexation, [1])
(vi, [1])
(vice, [1])
(vices, [1])
(vices', [1])
(victuals, [1])
(view, [1])
(vii, [1])
(vile, [1])
(villain, [1, 1, 1])
(villains, [1])
(virtue, [1, 1, 1, 1, 1, 1])
(virtues, [1])
(virtues', [1])
(virtues;, [1])
(virtuous, [1])
(virtuously, [1])
(visibly, [1])
(visit, [1, 1])
(voice, [1])
(volley, [1])
(votary, [1, 1])
(vouchsafe, [1, 1])
(vow, [1])
(vow'dst, [1])
(vows, [1, 1, 1, 1])
(voyage, [1, 1, 1])
(wag, [1])
(wages, [1, 1, 1])
(wailful, [1])
(wailing, [1])
(wait, [1, 1, 1])
(wake, [1])
(walk, [1, 1, 1, 1])
(walked, [1])
(wand, [1])
(wander'd, [1])
(want, [1, 1, 1, 1, 1])
(wanteth, [1])
(wanton, [1, 1])
(wants, [1, 1])
(wantt, [1])
(war, [1, 1])
(warrant, [1, 1, 1, 1, 1])
(wars, [1])
(was, [1, 1, 1, 1, 1, 1, 1, 1, 1, 1, 1, 1, 1, 1, 1, 1, 1, 1, 1, 1, 1, 1, 1, 1, 1, 1, 1, 1, 1, 1, 1, 1, 1, 1, 1, 1, 1, 1, 1, 1, 1, 1])
(was;, [1])
(wash, [1])
(washed, [1])
(wasps, [1])
(waste, [1])
(watch, [1])
(watch'd, [1])
(watchers, [1])
(watchful, [1])
(water, [1, 1, 1, 1])
(waterspaniel;, [1])
(waxed, [1])
(waxen, [1])
(way, [1, 1, 1, 1, 1, 1, 1])
(ways, [1])
(wayward, [1])
(we, [1, 1, 1, 1, 1, 1, 1, 1, 1, 1, 1, 1, 1, 1, 1, 1, 1, 1, 1, 1, 1, 1, 1, 1, 1, 1, 1, 1, 1, 1])
(we'll, [1, 1, 1, 1, 1, 1, 1, 1, 1, 1])
(weak, [1, 1])
(wealth, [1, 1, 1])
(wealth;, [1])
(wear, [1, 1, 1, 1])
(wearisome, [1])
(weary, [1, 1, 1, 1])
(weathercock, [1])
(wed, [1])
(weddingdower;, [1])
(weed, [1])
(weeds, [1])
(weep, [1, 1, 1, 1])
(weepest, [1])
(weeping, [1, 1])
(weeping;, [1])
(weeps, [1])
(welcome, [1, 1, 1, 1, 1, 1, 1, 1, 1, 1, 1, 1])
(welcome', [1])
(welcomes, [1])
(well, [1, 1, 1, 1, 1, 1, 1, 1, 1, 1, 1, 1, 1, 1, 1, 1, 1, 1, 1, 1, 1, 1, 1, 1, 1, 1, 1, 1, 1, 1, 1, 1, 1, 1, 1, 1, 1, 1, 1, 1, 1, 1, 1, 1, 1, 1, 1, 1, 1, 1, 1])
(well;, [1])
(wellfavoured, [1, 1])
(wellreputed, [1])
(wellspoken, [1])
(wench, [1, 1, 1])
(went, [1])
(wept, [1, 1, 1, 1])
(were, [1, 1, 1, 1, 1, 1, 1, 1, 1, 1, 1, 1, 1, 1, 1, 1, 1, 1, 1, 1, 1, 1, 1, 1, 1, 1, 1, 1, 1, 1, 1, 1, 1, 1])
(were't, [1])
(west, [1])
(western, [1])
(what, [1, 1, 1, 1, 1, 1, 1, 1, 1, 1, 1, 1, 1, 1, 1, 1, 1, 1, 1, 1, 1, 1, 1, 1, 1, 1, 1, 1, 1, 1, 1, 1, 1, 1, 1, 1, 1, 1, 1, 1, 1, 1, 1, 1, 1, 1, 1, 1, 1, 1, 1, 1, 1, 1, 1, 1, 1, 1, 1, 1, 1, 1, 1, 1, 1, 1, 1, 1, 1, 1, 1, 1, 1, 1, 1, 1, 1, 1, 1, 1, 1, 1, 1, 1, 1, 1, 1, 1, 1, 1, 1, 1, 1, 1, 1, 1, 1, 1, 1, 1, 1, 1, 1, 1, 1, 1, 1, 1, 1])
(whate'er, [1])
(whatever, [1])
(wheels, [1])
(when, [1, 1, 1, 1, 1, 1, 1, 1, 1, 1, 1, 1, 1, 1, 1, 1, 1, 1, 1, 1, 1, 1, 1, 1, 1, 1, 1, 1, 1, 1, 1, 1, 1, 1, 1, 1, 1, 1, 1, 1, 1, 1, 1, 1, 1, 1, 1, 1, 1, 1, 1, 1, 1])
(whence, [1, 1])
(where, [1, 1, 1, 1, 1, 1, 1, 1, 1, 1, 1, 1, 1, 1, 1, 1, 1, 1, 1, 1, 1, 1, 1, 1, 1, 1, 1, 1, 1, 1, 1])
(wherefore, [1, 1, 1])
(wherein, [1, 1, 1])
(whereof, [1, 1, 1])
(whereon, [1])
(wherewith, [1])
(whether, [1])
(which, [1, 1, 1, 1, 1, 1, 1, 1, 1, 1, 1, 1, 1, 1, 1, 1, 1, 1, 1, 1, 1, 1, 1, 1, 1, 1, 1, 1, 1, 1, 1, 1, 1, 1, 1, 1, 1, 1, 1, 1, 1, 1])
(while, [1, 1, 1, 1, 1, 1])
(whip, [1, 1])
(whips, [1, 1])
(whirlwind, [1])
(whisper, [1])
(whit, [1])
(white, [1])
(whiteness, [1])
(whither, [1, 1, 1, 1])
(who, [1, 1, 1, 1, 1, 1, 1, 1, 1, 1, 1, 1, 1, 1, 1, 1, 1, 1, 1, 1, 1, 1])
(whole, [1])
(whom, [1, 1, 1, 1, 1, 1, 1, 1, 1, 1])
(whoreson, [1, 1])
(whose, [1, 1, 1, 1, 1, 1, 1, 1, 1, 1, 1])
(why, [1, 1, 1, 1, 1, 1, 1, 1, 1, 1, 1, 1, 1, 1, 1, 1, 1, 1, 1, 1, 1, 1, 1, 1, 1, 1, 1, 1, 1, 1, 1, 1, 1, 1, 1, 1, 1, 1, 1, 1, 1, 1, 1, 1, 1, 1, 1, 1, 1, 1, 1, 1, 1, 1, 1, 1, 1, 1, 1, 1, 1, 1, 1])
(wife, [1, 1])
(wild, [1, 1])
(wilderness, [1])
(will, [1, 1, 1, 1, 1, 1, 1, 1, 1, 1, 1, 1, 1, 1, 1, 1, 1, 1, 1, 1, 1, 1, 1, 1, 1, 1, 1, 1, 1, 1, 1, 1, 1, 1, 1, 1, 1, 1, 1, 1, 1, 1, 1, 1, 1, 1, 1, 1, 1, 1, 1, 1, 1, 1, 1, 1, 1, 1, 1, 1, 1, 1, 1, 1, 1, 1, 1, 1, 1, 1, 1, 1, 1, 1, 1, 1, 1, 1, 1, 1, 1, 1, 1, 1, 1, 1, 1, 1, 1, 1, 1, 1, 1, 1, 1, 1, 1, 1, 1, 1, 1, 1, 1, 1])
(will't, [1, 1])
(will;, [1, 1, 1, 1, 1])
(willing, [1])
(willingly, [1, 1])
(wills, [1])
(wilt, [1, 1, 1, 1, 1, 1, 1, 1, 1])
(win, [1, 1, 1, 1])
(wind, [1, 1])
(winding, [1])
(window, [1, 1, 1])
(wings, [1, 1])
(wink, [1, 1, 1])
(winter, [1])
(wipe, [1])
(wise, [1, 1, 1, 1])
(wish, [1, 1, 1, 1, 1, 1])
(wish'd, [1, 1])
(wish;, [1])
(wishing, [1])
(wit, [1, 1, 1, 1, 1, 1, 1, 1, 1, 1, 1, 1, 1, 1, 1, 1])
(wit', [1])
(with, [1, 1, 1, 1, 1, 1, 1, 1, 1, 1, 1, 1, 1, 1, 1, 1, 1, 1, 1, 1, 1, 1, 1, 1, 1, 1, 1, 1, 1, 1, 1, 1, 1, 1, 1, 1, 1, 1, 1, 1, 1, 1, 1, 1, 1, 1, 1, 1, 1, 1, 1, 1, 1, 1, 1, 1, 1, 1, 1, 1, 1, 1, 1, 1, 1, 1, 1, 1, 1, 1, 1, 1, 1, 1, 1, 1, 1, 1, 1, 1, 1, 1, 1, 1, 1, 1, 1, 1, 1, 1, 1, 1, 1, 1, 1, 1, 1, 1, 1, 1, 1, 1, 1, 1, 1, 1, 1, 1, 1, 1, 1, 1, 1, 1, 1, 1, 1, 1, 1, 1, 1, 1, 1, 1, 1, 1, 1, 1, 1, 1, 1, 1, 1, 1, 1, 1, 1, 1, 1, 1, 1, 1, 1, 1, 1, 1, 1, 1, 1, 1, 1])
(with't, [1])
(withal, [1, 1])
(withdraw, [1])
(within, [1, 1, 1])
(without, [1, 1, 1, 1, 1, 1, 1, 1, 1, 1, 1, 1])
(witness, [1, 1, 1])
(wits, [1, 1])
(woe, [1, 1, 1])
(woes, [1, 1])
(woman, [1, 1, 1, 1, 1, 1, 1, 1, 1])
(woman;, [1, 1])
(women, [1, 1, 1, 1, 1])
(won, [1])
(won;, [1])
(wonder, [1])
(wonder'd, [1])
(wonders, [1])
(wont, [1, 1, 1, 1])
(woo, [1, 1])
(wood, [1])
(wood;, [1])
(woods, [1])
(wooes, [1])
(word, [1, 1, 1, 1, 1, 1, 1, 1, 1, 1, 1, 1, 1, 1, 1])
(word;, [1])
(words, [1, 1, 1, 1, 1, 1, 1, 1, 1, 1, 1, 1])
(words', [1])
(world, [1, 1, 1, 1, 1, 1, 1, 1])
(worldly, [1])
(worse, [1, 1])
(worser, [1])
(worship, [1, 1, 1, 1, 1])
(worshipp'd, [1])
(worst, [1])
(worth, [1, 1, 1, 1, 1, 1, 1, 1, 1, 1, 1])
(worthies, [1])
(worthiest, [1])
(worthless, [1, 1, 1, 1, 1])
(worthy, [1, 1, 1, 1, 1, 1, 1, 1, 1, 1])
(wot, [1])
(would, [1, 1, 1, 1, 1, 1, 1, 1, 1, 1, 1, 1, 1, 1, 1, 1, 1, 1, 1, 1, 1, 1, 1, 1, 1, 1, 1, 1, 1, 1, 1, 1, 1, 1, 1, 1, 1, 1, 1, 1, 1, 1, 1, 1, 1, 1, 1, 1, 1, 1, 1, 1, 1, 1, 1, 1, 1, 1, 1, 1, 1, 1, 1, 1])
(wouldst, [1, 1, 1, 1, 1])
(wound, [1, 1])
(wounded, [1])
(wrath, [1, 1])
(wrath;, [1])
(wreathe, [1])
(wreck, [1])
(wretches, [1])
(wringing, [1, 1])
(writ, [1, 1, 1, 1, 1, 1, 1, 1, 1, 1, 1, 1, 1, 1, 1])
(writ;, [1])
(write, [1, 1, 1, 1, 1, 1, 1])
(writers, [1, 1])
(writes, [1])
(written, [1])
(wrong, [1, 1, 1, 1])
(wrong', [1])
(wrongful, [1])
(wrongs, [1])
(ye, [1, 1, 1, 1, 1, 1, 1])
(years, [1])
(yellow, [1])
(yes, [1, 1])
(yes;, [1])
(yet, [1, 1, 1, 1, 1, 1, 1, 1, 1, 1, 1, 1, 1, 1, 1, 1, 1, 1, 1, 1, 1, 1, 1, 1, 1, 1, 1, 1, 1, 1, 1, 1, 1, 1, 1, 1, 1, 1, 1, 1, 1])
(yet', [1])
(yield, [1, 1])
(yoked, [1])
(yond, [1])
(yonder, [1])
(you, [1, 1, 1, 1, 1, 1, 1, 1, 1, 1, 1, 1, 1, 1, 1, 1, 1, 1, 1, 1, 1, 1, 1, 1, 1, 1, 1, 1, 1, 1, 1, 1, 1, 1, 1, 1, 1, 1, 1, 1, 1, 1, 1, 1, 1, 1, 1, 1, 1, 1, 1, 1, 1, 1, 1, 1, 1, 1, 1, 1, 1, 1, 1, 1, 1, 1, 1, 1, 1, 1, 1, 1, 1, 1, 1, 1, 1, 1, 1, 1, 1, 1, 1, 1, 1, 1, 1, 1, 1, 1, 1, 1, 1, 1, 1, 1, 1, 1, 1, 1, 1, 1, 1, 1, 1, 1, 1, 1, 1, 1, 1, 1, 1, 1, 1, 1, 1, 1, 1, 1, 1, 1, 1, 1, 1, 1, 1, 1, 1, 1, 1, 1, 1, 1, 1, 1, 1, 1, 1, 1, 1, 1, 1, 1, 1, 1, 1, 1, 1, 1, 1, 1, 1, 1, 1, 1, 1, 1, 1, 1, 1, 1, 1, 1, 1, 1, 1, 1, 1, 1, 1, 1, 1, 1, 1, 1, 1, 1, 1, 1, 1, 1, 1, 1, 1, 1, 1, 1, 1, 1, 1, 1, 1, 1, 1, 1, 1, 1, 1, 1, 1, 1, 1, 1, 1, 1, 1, 1, 1, 1, 1, 1, 1, 1, 1, 1, 1, 1, 1, 1, 1, 1, 1, 1, 1, 1, 1, 1, 1, 1, 1, 1, 1, 1, 1, 1, 1, 1, 1, 1, 1, 1, 1, 1, 1, 1, 1, 1, 1, 1, 1, 1, 1, 1, 1, 1, 1, 1, 1, 1, 1, 1, 1, 1, 1, 1, 1, 1, 1, 1, 1, 1, 1, 1, 1, 1, 1, 1, 1, 1, 1, 1, 1, 1, 1, 1, 1, 1, 1, 1, 1, 1, 1, 1, 1, 1, 1, 1, 1, 1, 1, 1, 1, 1, 1, 1, 1, 1, 1, 1, 1, 1, 1, 1, 1, 1, 1])
(you'll, [1, 1, 1, 1])
(you're, [1])
(you;, [1, 1, 1, 1, 1])
(young, [1, 1, 1, 1, 1, 1])
(your, [1, 1, 1, 1, 1, 1, 1, 1, 1, 1, 1, 1, 1, 1, 1, 1, 1, 1, 1, 1, 1, 1, 1, 1, 1, 1, 1, 1, 1, 1, 1, 1, 1, 1, 1, 1, 1, 1, 1, 1, 1, 1, 1, 1, 1, 1, 1, 1, 1, 1, 1, 1, 1, 1, 1, 1, 1, 1, 1, 1, 1, 1, 1, 1, 1, 1, 1, 1, 1, 1, 1, 1, 1, 1, 1, 1, 1, 1, 1, 1, 1, 1, 1, 1, 1, 1, 1, 1, 1, 1, 1, 1, 1, 1, 1, 1, 1, 1, 1, 1, 1, 1, 1, 1, 1, 1, 1, 1, 1, 1, 1, 1, 1, 1, 1, 1, 1, 1, 1, 1, 1, 1, 1, 1, 1, 1, 1, 1, 1, 1, 1, 1, 1, 1, 1, 1, 1, 1, 1, 1, 1, 1, 1, 1, 1, 1, 1, 1, 1, 1, 1, 1, 1, 1, 1, 1, 1, 1, 1, 1, 1, 1, 1])
(yours, [1, 1, 1, 1, 1, 1])
(yours;, [1, 1])
(yourself, [1, 1, 1, 1, 1, 1, 1, 1])
(youth, [1, 1, 1, 1, 1, 1, 1, 1, 1, 1, 1, 1, 1, 1, 1])
(youthful, [1, 1, 1, 1])
(zeal, [1])
